  0.00000000   1.00000000
  0.11111111   1.11751907
  0.22222222   1.24884887
  0.33333333   1.39561243
  0.44444444   1.55962350
  0.55555556   1.74290900
  0.66666667   1.94773404
  0.77777778   2.17662993
  0.88888889   2.43242545
  1.00000000   2.71828183
  1.11111111   3.03773178
  1.22222222   3.39472319
  1.33333333   3.79366789
  1.44444444   4.23949621
  1.55555556   4.73771786
  1.66666667   5.29449005
  1.77777778   5.91669359
  1.88888889   6.61201791
  2.00000000   7.38905610
  2.11111111   8.25741109
  2.22222222   9.22781435
  2.33333333  10.31225850
  2.44444444  11.52414552
  2.55555556  12.87845237
  2.66666667  14.39191610
  2.77777778  16.08324067
  2.88888889  17.97332814
  3.00000000  20.08553692
  3.11111111  22.44597052
  3.22222222  25.08380007
  3.33333333  28.03162489
  3.44444444  31.32587535
  3.55555556  35.00726305
  3.66666667  39.12128400
  3.77777778  43.71878086
  3.88888889  48.85657127
  4.00000000  54.59815003
  4.11111111  61.01447378
  4.22222222  68.18483792
  4.33333333  76.19785657
  4.44444444  85.15255772
  4.55555556  95.15960700
  4.66666667 106.34267540
  4.77777778 118.83996758
  4.88888889 132.80592990
  5.00000000 148.41315910
  5.11111111 165.85453535
  5.22222222 185.34560589
  5.33333333 207.12724889
  5.44444444 231.46865029
  5.55555556 258.67063052
  5.66666667 289.06936212
  5.77777778 323.04052436
  5.88888889 361.00394595
  6.00000000 403.42879349
  6.11111111 450.83936961
  6.22222222 503.82159248
  6.33333333 563.03023684
  6.44444444 629.19702594
  6.55555556 703.13967449
  6.66666667 785.77199423
  6.77777778 878.11518723
  6.88888889 981.31046628
  7.00000000 1096.63315843
  7.11111111 1225.50846596
  7.22222222 1369.52907961
  7.33333333 1530.47486166
  7.44444444 1710.33484214
  7.55555556 1911.33180002
  7.66666667 2135.94973322
  7.77777778 2386.96455675
  7.88888889 2667.47840858
  8.00000000 2980.95798704
  8.11111111 3331.27739364
  8.22222222 3722.76601066
  8.33333333 4160.26200538
  8.44444444 4649.17212197
  8.55555556 5195.53850016
  8.66666667 5806.11334631
  8.77777778 6488.44237978
  8.88888889 7250.95808584
  9.00000000 8103.08392758
  9.11111111 9055.35080468
  9.22222222 10119.52719838
  9.33333333 11308.76461084
  9.44444444 12637.76009653
  9.55555556 14122.93789405
  9.66666667 15782.65240326
  9.77777778 17637.41501597
  9.88888889 19710.14760366
 10.00000000 22026.46579481
 10.11111111 24614.99554269
 10.22222222 27507.72689595
 10.33333333 30740.40934397
 10.44444444 34352.99362281
 10.55555556 38390.12544186
 10.66666667 42901.69723267
 10.77777778 47943.46473890
 10.88888889 53577.73606727
 11.00000000 59874.14171520
