0	1	0	1	1	0
0.011	0.99939	0.0109966	0.999679	0.99939	0.0109966
0.022	0.998779	0.0219866	0.999294	0.998779	0.0219866
0.033	0.998169	0.0329698	0.998845	0.998169	0.0329698
0.044	0.997558	0.0439463	0.998333	0.997558	0.0439463
0.055	0.996948	0.0549161	0.997758	0.996948	0.0549161
0.066	0.996337	0.0658791	0.997119	0.996337	0.0658791
0.077	0.995727	0.0768355	0.996416	0.995727	0.0768355
0.088	0.995116	0.0877851	0.99565	0.995116	0.0877851
0.099	0.994506	0.098728	0.99482	0.994506	0.098728
0.11	0.993895	0.109664	0.993927	0.993895	0.109664
0.121	0.992194	0.120588	0.993762	0.992194	0.120588
0.132	0.99037	0.131492	0.993515	0.99037	0.131492
0.143	0.988546	0.142376	0.993091	0.988546	0.142376
0.154	0.986722	0.15324	0.99249	0.986722	0.15324
0.165	0.984898	0.164084	0.991713	0.984898	0.164084
0.176	0.983074	0.174908	0.990759	0.983074	0.174908
0.187	0.98125	0.185712	0.989628	0.98125	0.185712
0.198	0.979426	0.196496	0.98832	0.979426	0.196496
0.209	0.977602	0.207259	0.986836	0.977602	0.207259
0.22	0.975779	0.218003	0.985175	0.975779	0.218003
0.231	0.973004	0.228722	0.975391	0.973004	0.228722
0.242	0.969989	0.239409	0.975315	0.969989	0.239409
0.253	0.966975	0.250062	0.975179	0.966975	0.250062
0.264	0.96396	0.260682	0.974984	0.96396	0.260682
0.275	0.960945	0.271269	0.97473	0.960945	0.271269
0.286	0.95793	0.281823	0.974417	0.95793	0.281823
0.297	0.954915	0.292344	0.974045	0.954915	0.292344
0.308	0.9519	0.302831	0.973614	0.9519	0.302831
0.319	0.948885	0.313285	0.973124	0.948885	0.313285
0.33	0.945871	0.323707	0.972574	0.945871	0.323707
0.341	0.942052	0.334092	0.944916	0.942052	0.334092
0.352	0.937883	0.344431	0.944713	0.937883	0.344431
0.363	0.933714	0.354725	0.944341	0.933714	0.354725
0.374	0.929546	0.364973	0.9438	0.929546	0.364973
0.385	0.925377	0.375175	0.943089	0.925377	0.375175
0.396	0.921208	0.385331	0.942209	0.921208	0.385331
0.407	0.91704	0.395442	0.941159	0.91704	0.395442
0.418	0.912871	0.405506	0.93994	0.912871	0.405506
0.429	0.908703	0.415525	0.938552	0.908703	0.415525
0.44	0.904534	0.425498	0.936994	0.904534	0.425498
0.451	0.899708	0.435422	0.902841	0.899708	0.435422
0.462	0.894437	0.44529	0.902787	0.894437	0.44529
0.473	0.889166	0.4551	0.902685	0.889166	0.4551
0.484	0.883895	0.464852	0.902534	0.883895	0.464852
0.495	0.878625	0.474546	0.902333	0.878625	0.474546
0.506	0.873354	0.484182	0.902084	0.873354	0.484182
0.517	0.868083	0.493759	0.901786	0.868083	0.493759
0.528	0.862812	0.503279	0.901439	0.862812	0.503279
0.539	0.857541	0.512741	0.901043	0.857541	0.512741
0.55	0.85227	0.522145	0.900598	0.85227	0.522145
0.561	0.846485	0.53149	0.849588	0.846485	0.53149
0.572	0.840177	0.540766	0.849433	0.840177	0.540766
0.583	0.833869	0.549974	0.84912	0.833869	0.549974
0.594	0.82756	0.559112	0.848652	0.82756	0.559112
0.605	0.821252	0.56818	0.848027	0.821252	0.56818
0.616	0.814944	0.577179	0.847245	0.814944	0.577179
0.627	0.808635	0.586109	0.846307	0.808635	0.586109
0.638	0.802327	0.594969	0.845212	0.802327	0.594969
0.649	0.796019	0.60376	0.843961	0.796019	0.60376
0.66	0.78971	0.612481	0.842553	0.78971	0.612481
0.671	0.783024	0.621133	0.785885	0.783024	0.621133
0.682	0.775756	0.629706	0.785855	0.775756	0.629706
0.693	0.768488	0.638199	0.785791	0.768488	0.638199
0.704	0.761221	0.646613	0.785694	0.761221	0.646613
0.715	0.753953	0.654946	0.785564	0.753953	0.654946
0.726	0.746685	0.6632	0.7854	0.746685	0.6632
0.737	0.739417	0.671373	0.785203	0.739417	0.671373
0.748	0.732149	0.679467	0.784972	0.732149	0.679467
0.759	0.724881	0.687481	0.784707	0.724881	0.687481
0.77	0.717614	0.695414	0.784409	0.717614	0.695414
0.781	0.710091	0.703268	0.712469	0.710091	0.703268
0.792	0.701953	0.711034	0.712359	0.701953	0.711034
0.803	0.693815	0.718711	0.71211	0.693815	0.718711
0.814	0.685678	0.726298	0.711722	0.685678	0.726298
0.825	0.67754	0.733796	0.711196	0.67754	0.733796
0.836	0.669402	0.741204	0.710531	0.669402	0.741204
0.847	0.661264	0.748522	0.709727	0.661264	0.748522
0.858	0.653127	0.755752	0.708785	0.653127	0.755752
0.869	0.644989	0.762891	0.707704	0.644989	0.762891
0.88	0.636851	0.769941	0.706484	0.636851	0.769941
0.891	0.628566	0.776902	0.630275	0.628566	0.776902
0.902	0.619658	0.783767	0.630265	0.619658	0.783767
0.913	0.610751	0.790534	0.630242	0.610751	0.790534
0.924	0.601844	0.797204	0.630206	0.601844	0.797204
0.935	0.592936	0.803775	0.630155	0.592936	0.803775
0.946	0.584029	0.810248	0.630091	0.584029	0.810248
0.957	0.575122	0.816623	0.630014	0.575122	0.816623
0.968	0.566214	0.822901	0.629923	0.566214	0.822901
0.979	0.557307	0.82908	0.629818	0.557307	0.82908
0.99	0.5484	0.835162	0.6297	0.5484	0.835162
1.001	0.539433	0.841145	0.540302	0.539433	0.841145
1.012	0.529866	0.847026	0.540233	0.529866	0.847026
1.023	0.520299	0.852802	0.540047	0.520299	0.852802
1.034	0.510732	0.858473	0.539743	0.510732	0.858473
1.045	0.501165	0.864038	0.539323	0.501165	0.864038
1.056	0.491598	0.869498	0.538786	0.491598	0.869498
1.067	0.482031	0.874853	0.538132	0.482031	0.874853
1.078	0.472464	0.880103	0.537361	0.472464	0.880103
1.089	0.462897	0.885247	0.536473	0.462897	0.885247
1.1	0.45333	0.890287	0.535468	0.45333	0.890287
1.111	0.443763	0.895221	0.534346	0.443763	0.895221
1.122	0.433659	0.900047	0.443671	0.433659	0.900047
1.133	0.423551	0.904761	0.443685	0.423551	0.904761
1.144	0.413442	0.909365	0.44371	0.413442	0.909365
1.155	0.403333	0.913857	0.443744	0.403333	0.913857
1.166	0.393225	0.918238	0.443787	0.393225	0.918238
1.177	0.383116	0.922508	0.443841	0.383116	0.922508
1.188	0.373007	0.926667	0.443904	0.373007	0.926667
1.199	0.362899	0.930714	0.443977	0.362899	0.930714
1.21	0.35279	0.93465	0.44406	0.35279	0.93465
1.221	0.342681	0.938475	0.444152	0.342681	0.938475
1.232	0.332202	0.942187	0.341522	0.332202	0.942187
1.243	0.321676	0.945784	0.341393	0.321676	0.945784
1.254	0.31115	0.949264	0.341173	0.31115	0.949264
1.265	0.300625	0.952629	0.34086	0.300625	0.952629
1.276	0.290099	0.955878	0.340455	0.290099	0.955878
1.287	0.279573	0.959011	0.339957	0.279573	0.959011
1.298	0.269047	0.962029	0.339368	0.269047	0.962029
1.309	0.258522	0.96493	0.338686	0.258522	0.96493
1.32	0.247996	0.967716	0.337911	0.247996	0.967716
1.331	0.23747	0.970386	0.337044	0.23747	0.970386
1.342	0.226718	0.97294	0.235249	0.226718	0.97294
1.353	0.215905	0.975374	0.235294	0.215905	0.975374
1.364	0.205092	0.977689	0.235375	0.205092	0.977689
1.375	0.194279	0.979886	0.235492	0.194279	0.979886
1.386	0.183467	0.981964	0.235644	0.183467	0.981964
1.397	0.172654	0.983922	0.235831	0.172654	0.983922
1.408	0.161841	0.985762	0.236054	0.161841	0.985762
1.419	0.151028	0.987483	0.236312	0.151028	0.987483
1.43	0.140215	0.989085	0.236606	0.140215	0.989085
1.441	0.129402	0.990568	0.236935	0.129402	0.990568
1.452	0.118483	0.991931	0.126	0.118483	0.991931
1.463	0.107516	0.993174	0.125922	0.107516	0.993174
1.474	0.0965496	0.994296	0.125778	0.0965496	0.994296
1.485	0.0855828	0.995298	0.125568	0.0855828	0.995298
1.496	0.074616	0.996179	0.125292	0.074616	0.996179
1.507	0.0636492	0.99694	0.12495	0.0636492	0.99694
1.518	0.0526824	0.99758	0.124542	0.0526824	0.99758
1.529	0.0417156	0.998099	0.124069	0.0417156	0.998099
1.54	0.0307488	0.998497	0.123529	0.0307488	0.998497
1.551	0.019782	0.998775	0.122924	0.019782	0.998775
1.562	0.00880429	0.998932	0.0152509	0.00880429	0.998932
1.573	-0.00218112	0.998969	0.0153184	-0.00218112	0.998969
1.584	-0.0131665	0.998884	0.0154482	-0.0131665	0.998884
1.595	-0.0241519	0.998679	0.0156402	-0.0241519	0.998679
1.606	-0.0351373	0.998353	0.0158945	-0.0351373	0.998353
1.617	-0.0461228	0.997906	0.0162109	-0.0461228	0.997906
1.628	-0.0571082	0.997338	0.0165896	-0.0571082	0.997338
1.639	-0.0680936	0.99665	0.0170305	-0.0680936	0.99665
1.65	-0.079079	0.99584	0.0175336	-0.079079	0.99584
1.661	-0.0900644	0.99491	0.0180989	-0.0900644	0.99491
1.672	-0.100993	0.993859	-0.0957281	-0.100993	0.993859
1.683	-0.111862	0.992688	-0.0957666	-0.111862	0.992688
1.694	-0.12273	0.991398	-0.0958442	-0.12273	0.991398
1.705	-0.133599	0.989988	-0.0959609	-0.133599	0.989988
1.716	-0.144467	0.988459	-0.0961166	-0.144467	0.988459
1.727	-0.155336	0.98681	-0.0963114	-0.155336	0.98681
1.738	-0.166204	0.985042	-0.0965453	-0.166204	0.985042
1.749	-0.177073	0.983154	-0.0968183	-0.177073	0.983154
1.76	-0.187941	0.981146	-0.0971303	-0.187941	0.981146
1.771	-0.19881	0.979019	-0.0974815	-0.19881	0.979019
1.782	-0.209582	0.976772	-0.2055	-0.209582	0.976772
1.793	-0.2202	0.974409	-0.205422	-0.2202	0.974409
1.804	-0.230817	0.971928	-0.205255	-0.230817	0.971928
1.815	-0.241435	0.969331	-0.204999	-0.241435	0.969331
1.826	-0.252053	0.966616	-0.204654	-0.252053	0.966616
1.837	-0.26267	0.963785	-0.20422	-0.26267	0.963785
1.848	-0.273288	0.960838	-0.203698	-0.273288	0.960838
1.859	-0.283905	0.957773	-0.203087	-0.283905	0.957773
1.87	-0.294523	0.954592	-0.202387	-0.294523	0.954592
1.881	-0.305141	0.951294	-0.201599	-0.305141	0.951294
1.892	-0.31565	0.947879	-0.312756	-0.31565	0.947879
1.903	-0.325886	0.94435	-0.312766	-0.325886	0.94435
1.914	-0.336122	0.940709	-0.31279	-0.336122	0.940709
1.925	-0.346358	0.936956	-0.312826	-0.346358	0.936956
1.936	-0.356593	0.933089	-0.312876	-0.356593	0.933089
1.947	-0.366829	0.929111	-0.312939	-0.366829	0.929111
1.958	-0.377065	0.925019	-0.313015	-0.377065	0.925019
1.969	-0.387301	0.920815	-0.313104	-0.387301	0.920815
1.98	-0.397536	0.916499	-0.313207	-0.397536	0.916499
1.991	-0.407772	0.912069	-0.313322	-0.407772	0.912069
2.002	-0.417916	0.907528	-0.416145	-0.417916	0.907528
2.013	-0.427643	0.902877	-0.416067	-0.427643	0.902877
2.024	-0.437371	0.89812	-0.415876	-0.437371	0.89812
2.035	-0.447098	0.893255	-0.415571	-0.447098	0.893255
2.046	-0.456826	0.888283	-0.415152	-0.456826	0.888283
2.057	-0.466554	0.883205	-0.41462	-0.466554	0.883205
2.068	-0.476281	0.878019	-0.413973	-0.476281	0.878019
2.079	-0.486009	0.872727	-0.413213	-0.486009	0.872727
2.09	-0.495737	0.867327	-0.412339	-0.495737	0.867327
2.101	-0.505464	0.86182	-0.411352	-0.505464	0.86182
2.112	-0.515141	0.856207	-0.514406	-0.515141	0.856207
2.123	-0.524241	0.85049	-0.5144	-0.524241	0.85049
2.134	-0.53334	0.844673	-0.514383	-0.53334	0.844673
2.145	-0.54244	0.838757	-0.514356	-0.54244	0.838757
2.156	-0.55154	0.83274	-0.514318	-0.55154	0.83274
2.167	-0.560639	0.826623	-0.514269	-0.560639	0.826623
2.178	-0.569739	0.820406	-0.51421	-0.569739	0.820406
2.189	-0.578838	0.814089	-0.51414	-0.578838	0.814089
2.2	-0.587938	0.807671	-0.51406	-0.587938	0.807671
2.211	-0.597038	0.801154	-0.513969	-0.597038	0.801154
2.222	-0.606137	0.794536	-0.513867	-0.606137	0.794536
2.233	-0.614511	0.787823	-0.606256	-0.614511	0.787823
2.244	-0.622871	0.781017	-0.606054	-0.622871	0.781017
2.255	-0.63123	0.77412	-0.605717	-0.63123	0.77412
2.266	-0.639589	0.76713	-0.605244	-0.639589	0.76713
2.277	-0.647948	0.760049	-0.604635	-0.647948	0.760049
2.288	-0.656308	0.752875	-0.60389	-0.656308	0.752875
2.299	-0.664667	0.74561	-0.603009	-0.664667	0.74561
2.31	-0.673026	0.738253	-0.601992	-0.673026	0.738253
2.321	-0.681386	0.730803	-0.600838	-0.681386	0.730803
2.332	-0.689745	0.723262	-0.599549	-0.689745	0.723262
2.343	-0.697363	0.715633	-0.690746	-0.697363	0.715633
2.354	-0.704879	0.70792	-0.690703	-0.704879	0.70792
2.365	-0.712395	0.700125	-0.69063	-0.712395	0.700125
2.376	-0.719911	0.692248	-0.690525	-0.719911	0.692248
2.387	-0.727427	0.684287	-0.690389	-0.727427	0.684287
2.398	-0.734942	0.676244	-0.690222	-0.734942	0.676244
2.409	-0.742458	0.668118	-0.690024	-0.742458	0.668118
2.42	-0.749974	0.65991	-0.689796	-0.749974	0.65991
2.431	-0.75749	0.651619	-0.689536	-0.75749	0.651619
2.442	-0.765006	0.643245	-0.689245	-0.765006	0.643245
2.453	-0.771794	0.634792	-0.76663	-0.771794	0.634792
2.464	-0.778374	0.626266	-0.766432	-0.778374	0.626266
2.475	-0.784953	0.617668	-0.766081	-0.784953	0.617668
2.486	-0.791533	0.608997	-0.765575	-0.791533	0.608997
2.497	-0.798113	0.600254	-0.764915	-0.798113	0.600254
2.508	-0.804693	0.591439	-0.7641	-0.804693	0.591439
2.519	-0.811273	0.582551	-0.763131	-0.811273	0.582551
2.53	-0.817853	0.573591	-0.762008	-0.817853	0.573591
2.541	-0.824432	0.564558	-0.760731	-0.824432	0.564558
2.552	-0.831012	0.555453	-0.759299	-0.831012	0.555453
2.563	-0.836904	0.546278	-0.833128	-0.836904	0.546278
2.574	-0.842466	0.537042	-0.833073	-0.842466	0.537042
2.585	-0.848029	0.527744	-0.83297	-0.848029	0.527744
2.596	-0.853591	0.518385	-0.832821	-0.853591	0.518385
2.607	-0.859154	0.508965	-0.832624	-0.859154	0.508965
2.618	-0.864716	0.499484	-0.83238	-0.864716	0.499484
2.629	-0.870279	0.489941	-0.83209	-0.870279	0.489941
2.64	-0.875842	0.480338	-0.831752	-0.875842	0.480338
2.651	-0.881404	0.470673	-0.831367	-0.881404	0.470673
2.662	-0.886967	0.460947	-0.830935	-0.886967	0.460947
2.673	-0.891904	0.451162	-0.889299	-0.891904	0.451162
2.684	-0.896381	0.441326	-0.889118	-0.896381	0.441326
2.695	-0.900858	0.431441	-0.88877	-0.900858	0.431441
2.706	-0.905334	0.421507	-0.888253	-0.905334	0.421507
2.717	-0.909811	0.411524	-0.887569	-0.909811	0.411524
2.728	-0.914288	0.401491	-0.886716	-0.914288	0.401491
2.739	-0.918765	0.391409	-0.885696	-0.918765	0.391409
2.75	-0.923241	0.381278	-0.884508	-0.923241	0.381278
2.761	-0.927718	0.371098	-0.883152	-0.927718	0.371098
2.772	-0.932195	0.360869	-0.881628	-0.932195	0.360869
2.783	-0.93613	0.350591	-0.93454	-0.93613	0.350591
2.794	-0.939465	0.340276	-0.934483	-0.939465	0.340276
2.805	-0.942801	0.329923	-0.934368	-0.942801	0.329923
2.816	-0.946137	0.319534	-0.934196	-0.946137	0.319534
2.827	-0.949472	0.309108	-0.933965	-0.949472	0.309108
2.838	-0.952808	0.298645	-0.933677	-0.952808	0.298645
2.849	-0.956144	0.288146	-0.93333	-0.956144	0.288146
2.86	-0.95948	0.27761	-0.932926	-0.95948	0.27761
2.871	-0.962815	0.267038	-0.932463	-0.962815	0.267038
2.882	-0.966151	0.256428	-0.931942	-0.966151	0.256428
2.893	-0.969045	0.245783	-0.968228	-0.969045	0.245783
2.904	-0.971198	0.235112	-0.968074	-0.971198	0.235112
2.915	-0.973352	0.224417	-0.967744	-0.973352	0.224417
2.926	-0.975505	0.213698	-0.967238	-0.975505	0.213698
2.937	-0.977659	0.202956	-0.966556	-0.977659	0.202956
2.948	-0.979812	0.19219	-0.965698	-0.979812	0.19219
2.959	-0.981966	0.1814	-0.964664	-0.981966	0.1814
2.97	-0.984119	0.170586	-0.963454	-0.984119	0.170586
2.981	-0.986273	0.159749	-0.962067	-0.986273	0.159749
2.992	-0.988426	0.148888	-0.960505	-0.988426	0.148888
3.003	-0.99025	0.138004	-0.98999	-0.99025	0.138004
3.014	-0.991195	0.127106	-0.989941	-0.991195	0.127106
3.025	-0.99214	0.116198	-0.989829	-0.99214	0.116198
3.036	-0.993084	0.105279	-0.989654	-0.993084	0.105279
3.047	-0.994029	0.0943503	-0.989415	-0.994029	0.0943503
3.058	-0.994974	0.0834108	-0.989113	-0.994974	0.0834108
3.069	-0.995919	0.0724609	-0.988748	-0.995919	0.0724609
3.08	-0.996863	0.0615006	-0.988319	-0.996863	0.0615006
3.091	-0.997808	0.0505299	-0.987827	-0.997808	0.0505299
3.102	-0.998753	0.0395488	-0.987272	-0.998753	0.0395488
3.113	-0.999488	0.0285575	-0.999533	-0.999488	0.0285575
3.124	-0.999212	0.0175646	-0.999413	-0.999212	0.0175646
3.135	-0.998937	0.00657482	-0.999115	-0.998937	0.00657482
3.146	-0.998661	-0.00441197	-0.998638	-0.998661	-0.00441197
3.157	-0.998386	-0.0153957	-0.997983	-0.998386	-0.0153957
3.168	-0.99811	-0.0263765	-0.99715	-0.99811	-0.0263765
3.179	-0.997834	-0.0373541	-0.996138	-0.997834	-0.0373541
3.19	-0.997559	-0.0483288	-0.994948	-0.997559	-0.0483288
3.201	-0.997283	-0.0593004	-0.99358	-0.997283	-0.0593004
3.212	-0.997007	-0.070269	-0.992033	-0.997007	-0.070269
3.223	-0.996646	-0.0812346	-0.996751	-0.996646	-0.0812346
3.234	-0.995153	-0.0921895	-0.996715	-0.995153	-0.0921895
3.245	-0.99366	-0.103128	-0.996617	-0.99366	-0.103128
3.256	-0.992168	-0.11405	-0.996456	-0.992168	-0.11405
3.267	-0.990675	-0.124956	-0.996233	-0.990675	-0.124956
3.278	-0.989182	-0.135845	-0.995946	-0.989182	-0.135845
3.289	-0.98769	-0.146718	-0.995598	-0.98769	-0.146718
3.3	-0.986197	-0.157574	-0.995186	-0.986197	-0.157574
3.311	-0.984705	-0.168414	-0.994712	-0.984705	-0.168414
3.322	-0.983212	-0.179238	-0.994176	-0.983212	-0.179238
3.333	-0.981719	-0.190045	-0.993577	-0.981719	-0.190045
3.344	-0.979064	-0.200829	-0.981592	-0.979064	-0.200829
3.355	-0.976373	-0.211584	-0.981335	-0.976373	-0.211584
3.366	-0.973682	-0.222309	-0.980904	-0.973682	-0.222309
3.377	-0.970991	-0.233005	-0.980297	-0.970991	-0.233005
3.388	-0.968299	-0.243671	-0.979516	-0.968299	-0.243671
3.399	-0.965608	-0.254308	-0.978561	-0.965608	-0.254308
3.41	-0.962917	-0.264915	-0.97743	-0.962917	-0.264915
3.421	-0.960226	-0.275492	-0.976125	-0.960226	-0.275492
3.432	-0.957534	-0.286039	-0.974645	-0.957534	-0.286039
3.443	-0.954843	-0.296558	-0.972991	-0.954843	-0.296558
3.454	-0.95114	-0.307041	-0.954469	-0.95114	-0.307041
3.465	-0.947283	-0.317483	-0.954392	-0.947283	-0.317483
3.476	-0.943426	-0.327881	-0.954259	-0.943426	-0.327881
3.487	-0.93957	-0.338238	-0.954071	-0.93957	-0.338238
3.498	-0.935713	-0.348552	-0.953826	-0.935713	-0.348552
3.509	-0.931856	-0.358824	-0.953525	-0.931856	-0.358824
3.52	-0.928	-0.369053	-0.953168	-0.928	-0.369053
3.531	-0.924143	-0.37924	-0.952755	-0.924143	-0.37924
3.542	-0.920287	-0.389384	-0.952287	-0.920287	-0.389384
3.553	-0.91643	-0.399486	-0.951762	-0.91643	-0.399486
3.564	-0.911715	-0.409542	-0.915485	-0.911715	-0.409542
3.575	-0.906741	-0.419543	-0.915276	-0.906741	-0.419543
3.586	-0.901766	-0.42949	-0.914901	-0.901766	-0.42949
3.597	-0.896792	-0.439382	-0.914361	-0.896792	-0.439382
3.608	-0.891817	-0.44922	-0.913655	-0.891817	-0.44922
3.619	-0.886843	-0.459002	-0.912784	-0.886843	-0.459002
3.63	-0.881868	-0.46873	-0.911748	-0.881868	-0.46873
3.641	-0.876894	-0.478403	-0.910547	-0.876894	-0.478403
3.652	-0.871919	-0.488022	-0.90918	-0.871919	-0.488022
3.663	-0.866945	-0.497585	-0.907648	-0.866945	-0.497585
3.674	-0.861266	-0.507092	-0.865277	-0.861266	-0.507092
3.685	-0.855235	-0.516533	-0.865226	-0.855235	-0.516533
3.696	-0.849204	-0.525907	-0.865131	-0.849204	-0.525907
3.707	-0.843173	-0.535215	-0.864992	-0.843173	-0.535215
3.718	-0.837142	-0.544457	-0.864809	-0.837142	-0.544457
3.729	-0.831111	-0.553632	-0.864582	-0.831111	-0.553632
3.74	-0.82508	-0.562741	-0.864312	-0.82508	-0.562741
3.751	-0.81905	-0.571784	-0.863997	-0.81905	-0.571784
3.762	-0.813019	-0.58076	-0.863639	-0.813019	-0.58076
3.773	-0.806988	-0.58967	-0.863237	-0.806988	-0.58967
3.784	-0.800401	-0.598512	-0.804344	-0.800401	-0.598512
3.795	-0.793388	-0.607278	-0.804184	-0.793388	-0.607278
3.806	-0.786375	-0.615967	-0.803873	-0.786375	-0.615967
3.817	-0.779362	-0.624579	-0.803411	-0.779362	-0.624579
3.828	-0.772349	-0.633113	-0.802799	-0.772349	-0.633113
3.839	-0.765336	-0.64157	-0.802036	-0.765336	-0.64157
3.85	-0.758323	-0.64995	-0.801123	-0.758323	-0.64995
3.861	-0.75131	-0.658253	-0.800059	-0.75131	-0.658253
3.872	-0.744297	-0.666479	-0.798844	-0.744297	-0.666479
3.883	-0.737284	-0.674628	-0.797479	-0.737284	-0.674628
3.894	-0.729854	-0.682698	-0.733526	-0.729854	-0.682698
3.905	-0.721946	-0.690683	-0.7335	-0.721946	-0.690683
3.916	-0.714037	-0.698581	-0.733448	-0.714037	-0.698581
3.927	-0.706128	-0.706392	-0.733369	-0.706128	-0.706392
3.938	-0.69822	-0.714116	-0.733263	-0.69822	-0.714116
3.949	-0.690311	-0.721753	-0.73313	-0.690311	-0.721753
3.96	-0.682402	-0.729303	-0.73297	-0.682402	-0.729303
3.971	-0.674494	-0.736766	-0.732784	-0.674494	-0.736766
3.982	-0.666585	-0.744142	-0.732571	-0.666585	-0.744142
3.993	-0.658676	-0.751431	-0.732331	-0.658676	-0.751431
4.004	-0.650478	-0.758632	-0.653635	-0.650478	-0.758632
4.015	-0.641771	-0.765739	-0.653522	-0.641771	-0.765739
4.026	-0.633064	-0.772751	-0.653277	-0.633064	-0.772751
4.037	-0.624357	-0.779667	-0.652901	-0.624357	-0.779667
4.048	-0.615651	-0.786487	-0.652394	-0.615651	-0.786487
4.059	-0.606944	-0.793211	-0.651755	-0.606944	-0.793211
4.07	-0.598237	-0.79984	-0.650986	-0.598237	-0.79984
4.081	-0.58953	-0.806372	-0.650085	-0.58953	-0.806372
4.092	-0.580824	-0.812809	-0.649053	-0.580824	-0.812809
4.103	-0.572117	-0.81915	-0.647889	-0.572117	-0.81915
4.114	-0.563229	-0.825396	-0.565696	-0.563229	-0.825396
4.125	-0.553831	-0.831539	-0.565692	-0.553831	-0.831539
4.136	-0.544434	-0.83758	-0.565683	-0.544434	-0.83758
4.147	-0.535036	-0.843517	-0.565667	-0.535036	-0.843517
4.158	-0.525639	-0.849351	-0.565647	-0.525639	-0.849351
4.169	-0.516241	-0.855081	-0.565621	-0.516241	-0.855081
4.18	-0.506844	-0.860708	-0.565589	-0.506844	-0.860708
4.191	-0.497447	-0.866232	-0.565552	-0.497447	-0.866232
4.202	-0.488049	-0.871652	-0.565509	-0.488049	-0.871652
4.213	-0.478652	-0.876969	-0.565461	-0.478652	-0.876969
4.224	-0.469161	-0.882182	-0.470772	-0.469161	-0.882182
4.235	-0.459189	-0.887288	-0.4707	-0.459189	-0.887288
4.246	-0.449217	-0.892284	-0.47052	-0.449217	-0.892284
4.257	-0.439245	-0.897171	-0.470232	-0.439245	-0.897171
4.268	-0.429272	-0.901948	-0.469835	-0.429272	-0.901948
4.279	-0.4193	-0.906615	-0.46933	-0.4193	-0.906615
4.29	-0.409328	-0.911172	-0.468717	-0.409328	-0.911172
4.301	-0.399356	-0.91562	-0.467995	-0.399356	-0.91562
4.312	-0.389383	-0.919958	-0.467165	-0.389383	-0.919958
4.323	-0.379411	-0.924186	-0.466227	-0.379411	-0.924186
4.334	-0.369412	-0.928305	-0.370043	-0.369412	-0.928305
4.345	-0.358988	-0.932311	-0.370054	-0.358988	-0.932311
4.356	-0.348563	-0.936203	-0.370083	-0.348563	-0.936203
4.367	-0.338139	-0.93998	-0.370132	-0.338139	-0.93998
4.378	-0.327715	-0.943642	-0.370199	-0.327715	-0.943642
4.389	-0.317291	-0.947189	-0.370285	-0.317291	-0.947189
4.4	-0.306867	-0.950622	-0.37039	-0.306867	-0.950622
4.411	-0.296443	-0.95394	-0.370513	-0.296443	-0.95394
4.422	-0.286019	-0.957144	-0.370656	-0.286019	-0.957144
4.433	-0.275595	-0.960233	-0.370817	-0.275595	-0.960233
4.444	-0.265171	-0.963207	-0.370998	-0.265171	-0.963207
4.455	-0.254437	-0.966065	-0.264712	-0.254437	-0.966065
4.466	-0.24369	-0.968805	-0.264591	-0.24369	-0.968805
4.477	-0.232942	-0.971426	-0.264387	-0.232942	-0.971426
4.488	-0.222195	-0.973929	-0.2641	-0.222195	-0.973929
4.499	-0.211448	-0.976314	-0.263731	-0.211448	-0.976314
4.51	-0.2007	-0.978581	-0.263278	-0.2007	-0.978581
4.521	-0.189953	-0.98073	-0.262743	-0.189953	-0.98073
4.532	-0.179206	-0.98276	-0.262125	-0.179206	-0.98276
4.543	-0.168458	-0.984672	-0.261424	-0.168458	-0.984672
4.554	-0.157711	-0.986466	-0.26064	-0.157711	-0.986466
4.565	-0.1468	-0.988141	-0.156208	-0.1468	-0.988141
4.576	-0.135862	-0.989696	-0.156269	-0.135862	-0.989696
4.587	-0.124924	-0.99113	-0.156376	-0.124924	-0.99113
4.598	-0.113986	-0.992444	-0.156527	-0.113986	-0.992444
4.609	-0.103048	-0.993638	-0.156724	-0.103048	-0.993638
4.62	-0.09211	-0.994711	-0.156965	-0.09211	-0.994711
4.631	-0.081172	-0.995664	-0.157252	-0.081172	-0.995664
4.642	-0.070234	-0.996497	-0.157584	-0.070234	-0.996497
4.653	-0.059296	-0.997209	-0.157961	-0.059296	-0.997209
4.664	-0.048358	-0.997802	-0.158383	-0.048358	-0.997802
4.675	-0.0373777	-0.998273	-0.0456903	-0.0373777	-0.998273
4.686	-0.0263839	-0.998624	-0.0456196	-0.0263839	-0.998624
4.697	-0.0153901	-0.998854	-0.0454929	-0.0153901	-0.998854
4.708	-0.00439631	-0.998962	-0.04531	-0.00439631	-0.998962
4.719	0.0065975	-0.99895	-0.0450709	0.0065975	-0.99895
4.73	0.0175913	-0.998817	-0.0447756	0.0175913	-0.998817
4.741	0.0285851	-0.998563	-0.0444243	0.0285851	-0.998563
4.752	0.0395789	-0.998188	-0.0440167	0.0395789	-0.998188
4.763	0.0505727	-0.997693	-0.043553	0.0505727	-0.997693
4.774	0.0615666	-0.997076	-0.0430332	0.0615666	-0.997076
4.785	0.072508	-0.996338	0.0653267	0.072508	-0.996338
4.796	0.083422	-0.995481	0.0652435	0.083422	-0.995481
4.807	0.094336	-0.994503	0.0650883	0.094336	-0.994503
4.818	0.10525	-0.993405	0.0648612	0.10525	-0.993405
4.829	0.116164	-0.992188	0.0645621	0.116164	-0.992188
4.84	0.127078	-0.99085	0.0641911	0.127078	-0.99085
4.851	0.137992	-0.989392	0.0637482	0.137992	-0.989392
4.862	0.148906	-0.987814	0.0632332	0.148906	-0.987814
4.873	0.15982	-0.986116	0.0626464	0.15982	-0.986116
4.884	0.170734	-0.984298	0.0619876	0.170734	-0.984298
4.895	0.181529	-0.98236	0.175589	0.181529	-0.98236
4.906	0.192229	-0.980304	0.175621	0.192229	-0.980304
4.917	0.202928	-0.978131	0.175681	0.202928	-0.978131
4.928	0.213628	-0.97584	0.175771	0.213628	-0.97584
4.939	0.224328	-0.973431	0.175891	0.224328	-0.973431
4.95	0.235027	-0.970905	0.17604	0.235027	-0.970905
4.961	0.245727	-0.968261	0.176219	0.245727	-0.968261
4.972	0.256427	-0.965499	0.176427	0.256427	-0.965499
4.983	0.267126	-0.962619	0.176665	0.267126	-0.962619
4.994	0.277826	-0.959622	0.176932	0.277826	-0.959622
5.005	0.288368	-0.956507	0.283652	0.288368	-0.956507
5.016	0.298722	-0.953278	0.283558	0.298722	-0.953278
5.027	0.309075	-0.949936	0.283367	0.309075	-0.949936
5.038	0.319428	-0.946479	0.283077	0.319428	-0.946479
5.049	0.329781	-0.942908	0.282689	0.329781	-0.942908
5.06	0.340135	-0.939224	0.282203	0.340135	-0.939224
5.071	0.350488	-0.935425	0.281619	0.350488	-0.935425
5.082	0.360841	-0.931513	0.280937	0.360841	-0.931513
5.093	0.371195	-0.927487	0.280157	0.371195	-0.927487
5.104	0.381548	-0.923347	0.279279	0.381548	-0.923347
5.115	0.391734	-0.919093	0.388241	0.391734	-0.919093
5.126	0.401613	-0.91473	0.388245	0.401613	-0.91473
5.137	0.411492	-0.910257	0.388253	0.411492	-0.910257
5.148	0.421372	-0.905677	0.388265	0.421372	-0.905677
5.159	0.431251	-0.900987	0.388281	0.431251	-0.900987
5.17	0.44113	-0.896189	0.388302	0.44113	-0.896189
5.181	0.451009	-0.891282	0.388326	0.451009	-0.891282
5.192	0.460889	-0.886267	0.388355	0.460889	-0.886267
5.203	0.470768	-0.881143	0.388388	0.470768	-0.881143
5.214	0.480647	-0.87591	0.388426	0.480647	-0.87591
5.225	0.490376	-0.870569	0.488028	0.490376	-0.870569
5.236	0.499659	-0.865124	0.487936	0.499659	-0.865124
5.247	0.508943	-0.859576	0.487722	0.508943	-0.859576
5.258	0.518226	-0.853927	0.487385	0.518226	-0.853927
5.269	0.52751	-0.848175	0.486927	0.52751	-0.848175
5.28	0.536793	-0.842322	0.486346	0.536793	-0.842322
5.291	0.546076	-0.836366	0.485643	0.546076	-0.836366
5.302	0.55536	-0.830308	0.484818	0.55536	-0.830308
5.313	0.564643	-0.824148	0.48387	0.564643	-0.824148
5.324	0.573927	-0.817886	0.482801	0.573927	-0.817886
5.335	0.583102	-0.811522	0.581803	0.583102	-0.811522
5.346	0.591675	-0.80506	0.581791	0.591675	-0.80506
5.357	0.600249	-0.798505	0.581761	0.600249	-0.798505
5.368	0.608822	-0.791855	0.581712	0.608822	-0.791855
5.379	0.617395	-0.785111	0.581645	0.617395	-0.785111
5.39	0.625968	-0.778272	0.581559	0.625968	-0.778272
5.401	0.634541	-0.771339	0.581454	0.634541	-0.771339
5.412	0.643114	-0.764312	0.581332	0.643114	-0.764312
5.423	0.651687	-0.757191	0.581191	0.651687	-0.757191
5.434	0.66026	-0.749975	0.581031	0.66026	-0.749975
5.445	0.668792	-0.742665	0.6684	0.668792	-0.742665
5.456	0.676549	-0.735266	0.668321	0.676549	-0.735266
5.467	0.684306	-0.727781	0.668099	0.684306	-0.727781
5.478	0.692063	-0.720211	0.667734	0.692063	-0.720211
5.489	0.699819	-0.712556	0.667226	0.699819	-0.712556
5.5	0.707576	-0.704815	0.666574	0.707576	-0.704815
5.511	0.715333	-0.696989	0.66578	0.715333	-0.696989
5.522	0.72309	-0.689078	0.664842	0.72309	-0.689078
5.533	0.730847	-0.681081	0.663761	0.730847	-0.681081
5.544	0.738604	-0.672999	0.662538	0.738604	-0.672999
5.555	0.746361	-0.664832	0.661171	0.746361	-0.664832
5.566	0.753252	-0.656584	0.746736	0.753252	-0.656584
5.577	0.760098	-0.64826	0.746682	0.760098	-0.64826
5.588	0.766943	-0.639862	0.74659	0.766943	-0.639862
5.599	0.773788	-0.631388	0.746461	0.773788	-0.631388
5.61	0.780633	-0.622838	0.746295	0.780633	-0.622838
5.621	0.787478	-0.614214	0.746091	0.787478	-0.614214
5.632	0.794324	-0.605514	0.74585	0.794324	-0.605514
5.643	0.801169	-0.596739	0.745571	0.801169	-0.596739
5.654	0.808014	-0.587888	0.745256	0.808014	-0.587888
5.665	0.814859	-0.578962	0.744902	0.814859	-0.578962
5.676	0.820859	-0.569965	0.815839	0.820859	-0.569965
5.687	0.826708	-0.560903	0.815623	0.826708	-0.560903
5.698	0.832557	-0.551777	0.815248	0.832557	-0.551777
5.709	0.838406	-0.542587	0.814713	0.838406	-0.542587
5.72	0.844255	-0.533333	0.814017	0.844255	-0.533333
5.731	0.850104	-0.524014	0.813162	0.850104	-0.524014
5.742	0.855953	-0.51463	0.812148	0.855953	-0.51463
5.753	0.861802	-0.505183	0.810973	0.861802	-0.505183
5.764	0.867651	-0.495671	0.809638	0.867651	-0.495671
5.775	0.8735	-0.486094	0.808144	0.8735	-0.486094
5.786	0.878551	-0.476457	0.874963	0.878551	-0.476457
5.797	0.883331	-0.466767	0.874898	0.883331	-0.466767
5.808	0.888112	-0.457024	0.874782	0.888112	-0.457024
5.819	0.892893	-0.447228	0.874614	0.892893	-0.447228
5.83	0.897673	-0.43738	0.874395	0.897673	-0.43738
5.841	0.902454	-0.427479	0.874124	0.902454	-0.427479
5.852	0.907235	-0.417526	0.873801	0.907235	-0.417526
5.863	0.912016	-0.40752	0.873426	0.912016	-0.40752
5.874	0.916796	-0.397462	0.873	0.916796	-0.397462
5.885	0.921577	-0.387351	0.872522	0.921577	-0.387351
5.896	0.925629	-0.37719	0.923231	0.925629	-0.37719
5.907	0.929282	-0.366988	0.923035	0.929282	-0.366988
5.918	0.932936	-0.356745	0.922666	0.932936	-0.356745
5.929	0.936589	-0.346463	0.922127	0.936589	-0.346463
5.94	0.940243	-0.33614	0.921415	0.940243	-0.33614
5.951	0.943896	-0.325778	0.920533	0.943896	-0.325778
5.962	0.947549	-0.315375	0.919478	0.947549	-0.315375
5.973	0.951203	-0.304932	0.918253	0.951203	-0.304932
5.984	0.954856	-0.294448	0.916855	0.954856	-0.294448
5.995	0.95851	-0.283925	0.915286	0.95851	-0.283925
6.006	0.961524	-0.273363	0.960161	0.961524	-0.273363
6.017	0.964005	-0.262772	0.960098	0.964005	-0.262772
6.028	0.966486	-0.252155	0.959974	0.966486	-0.252155
6.039	0.968967	-0.24151	0.959789	0.968967	-0.24151
6.05	0.971448	-0.230838	0.959544	0.971448	-0.230838
6.061	0.973929	-0.220138	0.959239	0.973929	-0.220138
6.072	0.97641	-0.209411	0.958872	0.97641	-0.209411
6.083	0.978891	-0.198657	0.958445	0.978891	-0.198657
6.094	0.981372	-0.187875	0.957958	0.981372	-0.187875
6.105	0.983853	-0.177067	0.95741	0.983853	-0.177067
6.116	0.9858	-0.166232	0.985214	0.9858	-0.166232
6.127	0.987078	-0.155381	0.985046	0.987078	-0.155381
6.138	0.988356	-0.144516	0.984701	0.988356	-0.144516
6.149	0.989634	-0.133637	0.984178	0.989634	-0.133637
6.16	0.990912	-0.122744	0.983478	0.990912	-0.122744
6.171	0.992191	-0.111837	0.9826	0.992191	-0.111837
6.182	0.993469	-0.100916	0.981544	0.993469	-0.100916
6.193	0.994747	-0.089981	0.980311	0.994747	-0.089981
6.204	0.996025	-0.0790317	0.9789	0.996025	-0.0790317
6.215	0.997303	-0.0680684	0.977312	0.997303	-0.0680684
6.226	0.998163	-0.0570918	0.998139	0.998163	-0.0570918
6.237	0.998222	-0.0461117	0.998085	0.998222	-0.0461117
6.248	0.998282	-0.0351309	0.997967	0.998282	-0.0351309
6.259	0.998341	-0.0241495	0.997786	0.998341	-0.0241495
6.27	0.998401	-0.0131674	0.997541	0.998401	-0.0131674
6.281	0.99846	-0.00218471	0.997233	0.99846	-0.00218471
6.292	0.998519	0.00879868	0.99686	0.998519	0.00879868
6.303	0.998579	0.0197827	0.996424	0.998579	0.0197827
6.314	0.998638	0.0307674	0.995925	0.998638	0.0307674
6.325	0.998698	0.0417528	0.995361	0.998698	0.0417528
6.336	0.998462	0.0527384	0.998738	0.998462	0.0527384
6.347	0.997302	0.0637151	0.998606	0.997302	0.0637151
6.358	0.996142	0.074679	0.998296	0.996142	0.074679
6.369	0.994982	0.0856302	0.997809	0.994982	0.0856302
6.38	0.993822	0.0965686	0.997143	0.993822	0.0965686
6.391	0.992662	0.107494	0.996301	0.992662	0.107494
6.402	0.991502	0.118407	0.99528	0.991502	0.118407
6.413	0.990342	0.129307	0.994082	0.990342	0.129307
6.424	0.989182	0.140195	0.992706	0.989182	0.140195
6.435	0.988022	0.151069	0.991152	0.988022	0.151069
6.446	0.986691	0.161931	0.987025	0.986691	0.161931
6.457	0.984326	0.172772	0.986986	0.984326	0.172772
6.468	0.981961	0.183586	0.986886	0.981961	0.183586
6.479	0.979596	0.194375	0.986725	0.979596	0.194375
6.49	0.977231	0.205137	0.986504	0.977231	0.205137
6.501	0.974866	0.215874	0.986221	0.974866	0.215874
6.512	0.972501	0.226584	0.985878	0.972501	0.226584
6.523	0.970136	0.237269	0.985473	0.970136	0.237269
6.534	0.967771	0.247927	0.985008	0.967771	0.247927
6.545	0.965406	0.25856	0.984482	0.965406	0.25856
6.556	0.962993	0.269166	0.963136	0.962993	0.269166
6.567	0.959452	0.27974	0.963043	0.959452	0.27974
6.578	0.955911	0.290274	0.962778	0.955911	0.290274
6.589	0.95237	0.30077	0.962341	0.95237	0.30077
6.6	0.948829	0.311226	0.961732	0.948829	0.311226
6.611	0.945288	0.321644	0.960952	0.945288	0.321644
6.622	0.941747	0.332023	0.959999	0.941747	0.332023
6.633	0.938205	0.342362	0.958874	0.938205	0.342362
6.644	0.934664	0.352663	0.957578	0.934664	0.352663
6.655	0.931123	0.362925	0.956109	0.931123	0.362925
6.666	0.927582	0.373148	0.954469	0.927582	0.373148
6.677	0.922978	0.383326	0.927345	0.922978	0.383326
6.688	0.918304	0.393453	0.927269	0.918304	0.393453
6.699	0.913631	0.403529	0.927142	0.913631	0.403529
6.71	0.908958	0.413553	0.926962	0.908958	0.413553
6.721	0.904284	0.423526	0.92673	0.904284	0.423526
6.732	0.899611	0.433448	0.926446	0.899611	0.433448
6.743	0.894938	0.443318	0.92611	0.894938	0.443318
6.754	0.890264	0.453136	0.925721	0.890264	0.453136
6.765	0.885591	0.462903	0.92528	0.885591	0.462903
6.776	0.880918	0.472619	0.924787	0.880918	0.472619
6.787	0.875343	0.482279	0.880106	0.875343	0.482279
6.798	0.869595	0.491877	0.879891	0.869595	0.491877
6.809	0.863847	0.50141	0.879516	0.863847	0.50141
6.82	0.858099	0.510881	0.87898	0.858099	0.510881
6.831	0.852351	0.520289	0.878283	0.852351	0.520289
6.842	0.846603	0.529633	0.877426	0.846603	0.529633
6.853	0.840855	0.538914	0.876408	0.840855	0.538914
6.864	0.835107	0.548132	0.87523	0.835107	0.548132
6.875	0.829359	0.557286	0.873892	0.829359	0.557286
6.886	0.823611	0.566378	0.872392	0.823611	0.566378
6.897	0.817123	0.575403	0.822091	0.817123	0.575403
6.908	0.810371	0.584354	0.822044	0.810371	0.584354
6.919	0.80362	0.593231	0.821959	0.80362	0.593231
6.93	0.796868	0.602034	0.821835	0.796868	0.602034
6.941	0.790116	0.610762	0.821673	0.790116	0.610762
6.952	0.783364	0.619416	0.821473	0.783364	0.619416
6.963	0.776613	0.627996	0.821235	0.776613	0.627996
6.974	0.769861	0.636502	0.820958	0.769861	0.636502
6.985	0.763109	0.644933	0.820644	0.763109	0.644933
6.996	0.756357	0.65329	0.820291	0.756357	0.65329
7.007	0.74902	0.661571	0.753873	0.74902	0.661571
7.018	0.741348	0.669768	0.753709	0.741348	0.669768
7.029	0.733675	0.67788	0.753402	0.733675	0.67788
7.04	0.726003	0.685909	0.75295	0.726003	0.685909
7.051	0.718331	0.693852	0.752354	0.718331	0.693852
7.062	0.710659	0.701712	0.751614	0.710659	0.701712
7.073	0.702987	0.709487	0.75073	0.702987	0.709487
7.084	0.695314	0.717178	0.749702	0.695314	0.717178
7.095	0.687642	0.724784	0.74853	0.687642	0.724784
7.106	0.67997	0.732306	0.747214	0.67997	0.732306
7.117	0.671855	0.739742	0.676402	0.671855	0.739742
7.128	0.663357	0.747086	0.676382	0.663357	0.747086
7.139	0.654859	0.754336	0.676342	0.654859	0.754336
7.15	0.646361	0.761493	0.676283	0.646361	0.761493
7.161	0.637863	0.768556	0.676205	0.637863	0.768556
7.172	0.629365	0.775525	0.676107	0.629365	0.775525
7.183	0.620867	0.782402	0.675989	0.620867	0.782402
7.194	0.612369	0.789185	0.675852	0.612369	0.789185
7.205	0.603871	0.795874	0.675696	0.603871	0.795874
7.216	0.595373	0.80247	0.67552	0.595373	0.80247
7.227	0.586561	0.808971	0.590554	0.586561	0.808971
7.238	0.577342	0.815373	0.590439	0.577342	0.815373
7.249	0.568123	0.821673	0.5902	0.568123	0.821673
7.26	0.558904	0.827871	0.589838	0.558904	0.827871
7.271	0.549685	0.833969	0.589353	0.549685	0.833969
7.282	0.540465	0.839965	0.588745	0.540465	0.839965
7.293	0.531246	0.845859	0.588013	0.531246	0.845859
7.304	0.522027	0.851652	0.587158	0.522027	0.851652
7.315	0.512808	0.857344	0.58618	0.512808	0.857344
7.326	0.503589	0.862934	0.585078	0.503589	0.862934
7.337	0.494167	0.868422	0.497443	0.494167	0.868422
7.348	0.484341	0.873804	0.497445	0.484341	0.873804
7.359	0.474514	0.879078	0.497451	0.474514	0.879078
7.37	0.464688	0.884243	0.49746	0.464688	0.884243
7.381	0.454861	0.889301	0.497471	0.454861	0.889301
7.392	0.445035	0.89425	0.497486	0.445035	0.89425
7.403	0.435208	0.899092	0.497504	0.435208	0.899092
7.414	0.425381	0.903825	0.497525	0.425381	0.903825
7.425	0.415555	0.90845	0.497548	0.415555	0.90845
7.436	0.405728	0.912967	0.497575	0.405728	0.912967
7.447	0.395789	0.917376	0.398182	0.395789	0.917376
7.458	0.385476	0.921673	0.398109	0.385476	0.921673
7.469	0.375164	0.925856	0.397937	0.375164	0.925856
7.48	0.364851	0.929926	0.397666	0.364851	0.929926
7.491	0.354538	0.933883	0.397295	0.354538	0.933883
7.502	0.344225	0.937726	0.396825	0.344225	0.937726
7.513	0.333913	0.941456	0.396256	0.333913	0.941456
7.524	0.3236	0.945072	0.395588	0.3236	0.945072
7.535	0.313287	0.948575	0.39482	0.313287	0.948575
7.546	0.302975	0.951965	0.393953	0.302975	0.951965
7.557	0.292615	0.955241	0.294016	0.292615	0.955241
7.568	0.281943	0.958401	0.294034	0.281943	0.958401
7.579	0.271272	0.961443	0.29408	0.271272	0.961443
7.59	0.2606	0.964369	0.294155	0.2606	0.964369
7.601	0.249928	0.967177	0.294257	0.249928	0.967177
7.612	0.239257	0.969867	0.294388	0.239257	0.969867
7.623	0.228585	0.97244	0.294547	0.228585	0.97244
7.634	0.217913	0.974896	0.294734	0.217913	0.974896
7.645	0.207241	0.977234	0.294949	0.207241	0.977234
7.656	0.19657	0.979455	0.295193	0.19657	0.979455
7.667	0.185891	0.981559	0.186221	0.185891	0.981559
7.678	0.174992	0.983544	0.186183	0.174992	0.983544
7.689	0.164093	0.985409	0.186071	0.164093	0.985409
7.7	0.153194	0.987154	0.185885	0.153194	0.987154
7.711	0.142295	0.988779	0.185627	0.142295	0.988779
7.722	0.131396	0.990284	0.185295	0.131396	0.990284
7.733	0.120497	0.99167	0.18489	0.120497	0.99167
7.744	0.109598	0.992935	0.184411	0.109598	0.992935
7.755	0.0986989	0.994081	0.18386	0.0986989	0.994081
7.766	0.0877998	0.995106	0.183235	0.0877998	0.995106
7.777	0.0769008	0.996012	0.182537	0.0769008	0.996012
7.788	0.0659153	0.996798	0.0761538	0.0659153	0.996798
7.799	0.0549233	0.997462	0.0762322	0.0549233	0.997462
7.81	0.0439313	0.998006	0.0763654	0.0439313	0.998006
7.821	0.0329393	0.998429	0.0765535	0.0329393	0.998429
7.832	0.0219473	0.998731	0.0767964	0.0219473	0.998731
7.843	0.0109553	0.998912	0.0770942	0.0109553	0.998912
7.854	-3.66575e-05	0.998972	0.0774468	-3.66575e-05	0.998972
7.865	-0.0110287	0.998911	0.0778542	-0.0110287	0.998911
7.876	-0.0220207	0.998729	0.0783165	-0.0220207	0.998729
7.887	-0.0330127	0.998427	0.0788337	-0.0330127	0.998427
7.898	-0.0439694	0.998003	-0.0349161	-0.0439694	0.998003
7.909	-0.0549187	0.997459	-0.0349777	-0.0549187	0.997459
7.92	-0.0658681	0.996795	-0.0350858	-0.0658681	0.996795
7.931	-0.0768175	0.99601	-0.0352402	-0.0768175	0.99601
7.942	-0.0877669	0.995105	-0.0354411	-0.0877669	0.995105
7.953	-0.0987163	0.994079	-0.0356884	-0.0987163	0.994079
7.964	-0.109666	0.992933	-0.035982	-0.109666	0.992933
7.975	-0.120615	0.991667	-0.0363221	-0.120615	0.991667
7.986	-0.131564	0.99028	-0.0367086	-0.131564	0.99028
7.997	-0.142514	0.988772	-0.0371415	-0.142514	0.988772
8.008	-0.153334	0.987145	-0.145478	-0.153334	0.987145
8.019	-0.164106	0.985399	-0.145378	-0.164106	0.985399
8.03	-0.174877	0.983535	-0.145197	-0.174877	0.983535
8.041	-0.185649	0.981552	-0.144933	-0.185649	0.981552
8.052	-0.196421	0.97945	-0.144588	-0.196421	0.97945
8.063	-0.207193	0.97723	-0.144162	-0.207193	0.97723
8.074	-0.217964	0.974892	-0.143654	-0.217964	0.974892
8.085	-0.228736	0.972435	-0.143064	-0.228736	0.972435
8.096	-0.239508	0.96986	-0.142393	-0.239508	0.96986
8.107	-0.25028	0.967166	-0.14164	-0.25028	0.967166
8.118	-0.260857	0.964354	-0.254309	-0.260857	0.964354
8.129	-0.271318	0.961427	-0.254332	-0.271318	0.961427
8.14	-0.281779	0.958385	-0.254375	-0.281779	0.958385
8.151	-0.292241	0.955228	-0.254438	-0.292241	0.955228
8.162	-0.302702	0.951956	-0.254521	-0.302702	0.951956
8.173	-0.313163	0.948569	-0.254624	-0.313163	0.948569
8.184	-0.323624	0.945066	-0.254747	-0.323624	0.945066
8.195	-0.334086	0.941449	-0.25489	-0.334086	0.941449
8.206	-0.344547	0.937717	-0.255053	-0.344547	0.937717
8.217	-0.355008	0.933869	-0.255237	-0.355008	0.933869
8.228	-0.365238	0.929907	-0.35996	-0.365238	0.929907
8.239	-0.37526	0.925834	-0.35985	-0.37526	0.925834
8.25	-0.385282	0.921651	-0.359633	-0.385282	0.921651
8.261	-0.395304	0.917358	-0.359309	-0.395304	0.917358
8.272	-0.405325	0.912955	-0.358878	-0.405325	0.912955
8.283	-0.415347	0.908441	-0.358339	-0.415347	0.908441
8.294	-0.425369	0.903817	-0.357694	-0.425369	0.903817
8.305	-0.435391	0.899083	-0.356941	-0.435391	0.899083
8.316	-0.445412	0.894238	-0.356082	-0.445412	0.894238
8.327	-0.455434	0.889284	-0.355115	-0.455434	0.889284
8.338	-0.465217	0.884219	-0.461204	-0.465217	0.884219
8.349	-0.474675	0.87905	-0.4612	-0.474675	0.87905
8.36	-0.484134	0.873777	-0.461191	-0.484134	0.873777
8.371	-0.493593	0.868399	-0.461178	-0.493593	0.868399
8.382	-0.503051	0.862918	-0.461161	-0.503051	0.862918
8.393	-0.51251	0.857332	-0.46114	-0.51251	0.857332
8.404	-0.521968	0.851642	-0.461114	-0.521968	0.851642
8.415	-0.531427	0.845849	-0.461084	-0.531427	0.845849
8.426	-0.540886	0.839951	-0.461049	-0.540886	0.839951
8.437	-0.550344	0.833949	-0.46101	-0.550344	0.833949
8.448	-0.559583	0.827844	-0.556739	-0.559583	0.827844
8.459	-0.568362	0.82164	-0.556632	-0.568362	0.82164
8.47	-0.577141	0.81534	-0.556394	-0.577141	0.81534
8.481	-0.58592	0.808943	-0.556026	-0.58592	0.808943
8.492	-0.594698	0.80245	-0.555529	-0.594698	0.80245
8.503	-0.603477	0.79586	-0.5549	-0.603477	0.79586
8.514	-0.612256	0.789173	-0.554142	-0.612256	0.789173
8.525	-0.621035	0.78239	-0.553254	-0.621035	0.78239
8.536	-0.629814	0.77551	-0.552235	-0.629814	0.77551
8.547	-0.638593	0.768534	-0.551086	-0.638593	0.768534
8.558	-0.647196	0.761461	-0.64542	-0.647196	0.761461
8.569	-0.655187	0.754298	-0.645401	-0.655187	0.754298
8.58	-0.663178	0.747047	-0.645357	-0.663178	0.747047
8.591	-0.671169	0.739708	-0.645287	-0.671169	0.739708
8.602	-0.67916	0.732282	-0.645191	-0.67916	0.732282
8.613	-0.68715	0.724767	-0.645069	-0.68715	0.724767
8.624	-0.695141	0.717164	-0.644921	-0.695141	0.717164
8.635	-0.703132	0.709474	-0.644748	-0.703132	0.709474
8.646	-0.711123	0.701695	-0.644548	-0.711123	0.701695
8.657	-0.719114	0.693829	-0.644323	-0.719114	0.693829
8.668	-0.726997	0.685875	-0.726135	-0.726997	0.685875
8.679	-0.734101	0.677839	-0.726042	-0.734101	0.677839
8.69	-0.741205	0.669725	-0.725799	-0.741205	0.669725
8.701	-0.74831	0.661532	-0.725407	-0.74831	0.661532
8.712	-0.755414	0.653262	-0.724864	-0.755414	0.653262
8.723	-0.762518	0.644913	-0.724172	-0.762518	0.644913
8.734	-0.769622	0.636487	-0.723331	-0.769622	0.636487
8.745	-0.776727	0.627982	-0.722339	-0.776727	0.627982
8.756	-0.783831	0.619399	-0.721198	-0.783831	0.619399
8.767	-0.790935	0.610737	-0.719907	-0.790935	0.610737
8.778	-0.798019	0.601998	-0.797896	-0.798019	0.601998
8.789	-0.80415	0.593186	-0.797873	-0.80415	0.593186
8.8	-0.81028	0.584307	-0.797808	-0.81028	0.584307
8.811	-0.81641	0.57536	-0.797699	-0.81641	0.57536
8.822	-0.82254	0.566346	-0.797547	-0.82254	0.566346
8.833	-0.82867	0.557264	-0.797352	-0.82867	0.557264
8.844	-0.8348	0.548115	-0.797114	-0.8348	0.548115
8.855	-0.84093	0.538898	-0.796832	-0.84093	0.538898
8.866	-0.84706	0.529614	-0.796508	-0.84706	0.529614
8.877	-0.85319	0.520263	-0.79614	-0.85319	0.520263
8.888	-0.85932	0.510844	-0.795729	-0.85932	0.510844
8.899	-0.864485	0.501363	-0.859745	-0.864485	0.501363
8.91	-0.869565	0.491826	-0.859512	-0.869565	0.491826
8.921	-0.874645	0.482233	-0.859113	-0.874645	0.482233
8.932	-0.879725	0.472583	-0.85855	-0.879725	0.472583
8.943	-0.884806	0.462879	-0.857822	-0.884806	0.462879
8.954	-0.889886	0.453118	-0.85693	-0.889886	0.453118
8.965	-0.894966	0.443301	-0.855872	-0.894966	0.443301
8.976	-0.900046	0.433429	-0.85465	-0.900046	0.433429
8.987	-0.905126	0.4235	-0.853264	-0.905126	0.4235
8.998	-0.910207	0.413516	-0.851712	-0.910207	0.413516
9.009	-0.914377	0.40348	-0.911112	-0.914377	0.40348
9.02	-0.918344	0.3934	-0.911038	-0.918344	0.3934
9.031	-0.922312	0.383276	-0.91091	-0.922312	0.383276
9.042	-0.92628	0.373109	-0.910725	-0.92628	0.373109
9.053	-0.930248	0.362898	-0.910485	-0.930248	0.362898
9.064	-0.934215	0.352643	-0.91019	-0.934215	0.352643
9.075	-0.938183	0.342345	-0.909839	-0.938183	0.342345
9.086	-0.942151	0.332003	-0.909432	-0.942151	0.332003
9.097	-0.946119	0.321618	-0.90897	-0.946119	0.321618
9.108	-0.950086	0.311189	-0.908452	-0.950086	0.311189
9.119	-0.953221	0.300719	-0.951164	-0.953221	0.300719
9.13	-0.956028	0.290218	-0.950951	-0.956028	0.290218
9.141	-0.958834	0.279687	-0.950565	-0.958834	0.279687
9.152	-0.96164	0.269124	-0.950004	-0.96164	0.269124
9.163	-0.964447	0.258531	-0.949268	-0.964447	0.258531
9.174	-0.967253	0.247906	-0.948358	-0.967253	0.247906
9.185	-0.970059	0.237251	-0.947274	-0.970059	0.237251
9.196	-0.972866	0.226565	-0.946016	-0.972866	0.226565
9.207	-0.975672	0.215848	-0.944582	-0.975672	0.215848
9.218	-0.978478	0.2051	-0.942975	-0.978478	0.2051
9.229	-0.980548	0.194324	-0.979544	-0.980548	0.194324
9.24	-0.982158	0.183529	-0.979474	-0.982158	0.183529
9.251	-0.983769	0.172716	-0.979342	-0.983769	0.172716
9.262	-0.985379	0.161886	-0.979148	-0.985379	0.161886
9.273	-0.986989	0.151038	-0.978891	-0.986989	0.151038
9.284	-0.9886	0.140172	-0.978571	-0.9886	0.140172
9.295	-0.99021	0.129289	-0.97819	-0.99021	0.129289
9.306	-0.99182	0.118388	-0.977745	-0.99182	0.118388
9.317	-0.993431	0.107469	-0.977239	-0.993431	0.107469
9.328	-0.995041	0.0965322	-0.97667	-0.995041	0.0965322
9.339	-0.996025	0.0855797	-0.995798	-0.996025	0.0855797
9.35	-0.99642	0.0746213	-0.995617	-0.99642	0.0746213
9.361	-0.996814	0.0636585	-0.995258	-0.996814	0.0636585
9.372	-0.997209	0.0526913	-0.99472	-0.997209	0.0526913
9.383	-0.997603	0.0417199	-0.994004	-0.997603	0.0417199
9.394	-0.997998	0.0307441	-0.99311	-0.997998	0.0307441
9.405	-0.998392	0.0197639	-0.992037	-0.998392	0.0197639
9.416	-0.998787	0.00877946	-0.990786	-0.998787	0.00877946
9.427	-0.999181	-0.00220937	-0.989357	-0.999181	-0.00220937
9.438	-0.999576	-0.0132025	-0.987749	-0.999576	-0.0132025
9.449	-0.999464	-0.0241989	-0.999801	-0.999464	-0.0241989
9.46	-0.998638	-0.0351884	-0.999743	-0.998638	-0.0351884
9.471	-0.997812	-0.0461689	-0.999622	-0.997812	-0.0461689
9.482	-0.996986	-0.0571403	-0.999437	-0.996986	-0.0571403
9.493	-0.996159	-0.0681026	-0.999189	-0.996159	-0.0681026
9.504	-0.995333	-0.0790558	-0.998878	-0.995333	-0.0790558
9.515	-0.994507	-0.0899999	-0.998503	-0.994507	-0.0899999
9.526	-0.993681	-0.100935	-0.998065	-0.993681	-0.100935
9.537	-0.992855	-0.111861	-0.997563	-0.992855	-0.111861
9.548	-0.992028	-0.122778	-0.996998	-0.992028	-0.122778
9.559	-0.990823	-0.133685	-0.991452	-0.990823	-0.133685
9.57	-0.988786	-0.144573	-0.991309	-0.988786	-0.144573
9.581	-0.986749	-0.155438	-0.990989	-0.986749	-0.155438
9.592	-0.984713	-0.166281	-0.990493	-0.984713	-0.166281
9.603	-0.982676	-0.177102	-0.989821	-0.982676	-0.177102
9.614	-0.980639	-0.1879	-0.988972	-0.980639	-0.1879
9.625	-0.978602	-0.198676	-0.987947	-0.978602	-0.198676
9.636	-0.976566	-0.209429	-0.986746	-0.976566	-0.209429
9.647	-0.974529	-0.22016	-0.985369	-0.974529	-0.22016
9.658	-0.972492	-0.230869	-0.983815	-0.972492	-0.230869
9.669	-0.970204	-0.241555	-0.970886	-0.970204	-0.241555
9.68	-0.966982	-0.252209	-0.970844	-0.966982	-0.252209
9.691	-0.963759	-0.262828	-0.970744	-0.963759	-0.262828
9.702	-0.960537	-0.273412	-0.970586	-0.960537	-0.273412
9.713	-0.957315	-0.28396	-0.970369	-0.957315	-0.28396
9.724	-0.954093	-0.294473	-0.970094	-0.954093	-0.294473
9.735	-0.950871	-0.30495	-0.96976	-0.950871	-0.30495
9.746	-0.947648	-0.315392	-0.969368	-0.947648	-0.315392
9.757	-0.944426	-0.325799	-0.968918	-0.944426	-0.325799
9.768	-0.941204	-0.33617	-0.968409	-0.941204	-0.33617
9.779	-0.937855	-0.346505	-0.938339	-0.937855	-0.346505
9.79	-0.933487	-0.356797	-0.938236	-0.933487	-0.356797
9.801	-0.929119	-0.367042	-0.937965	-0.929119	-0.367042
9.812	-0.924751	-0.377238	-0.937525	-0.924751	-0.377238
9.823	-0.920383	-0.387386	-0.936916	-0.920383	-0.387386
9.834	-0.916015	-0.397486	-0.93614	-0.916015	-0.397486
9.845	-0.911647	-0.407539	-0.935195	-0.911647	-0.407539
9.856	-0.907279	-0.417543	-0.934081	-0.907279	-0.417543
9.867	-0.902912	-0.427499	-0.932799	-0.902912	-0.427499
9.878	-0.898544	-0.437407	-0.931348	-0.898544	-0.437407
9.889	-0.894165	-0.447267	-0.89422	-0.894165	-0.447267
9.9	-0.888705	-0.457072	-0.894196	-0.888705	-0.457072
9.911	-0.883245	-0.466818	-0.894123	-0.883245	-0.466818
9.922	-0.877786	-0.476504	-0.894004	-0.877786	-0.476504
9.933	-0.872326	-0.486129	-0.893836	-0.872326	-0.486129
9.944	-0.866866	-0.495695	-0.893621	-0.866866	-0.495695
9.955	-0.861407	-0.505201	-0.893358	-0.861407	-0.505201
9.966	-0.855947	-0.514646	-0.893047	-0.855947	-0.514646
9.977	-0.850487	-0.524031	-0.892688	-0.850487	-0.524031
9.988	-0.845028	-0.533357	-0.892282	-0.845028	-0.533357
9.999	-0.839568	-0.542622	-0.891828	-0.839568	-0.542622
10.01	-0.833177	-0.551823	-0.839007	-0.833177	-0.551823
10.021	-0.826693	-0.560952	-0.838789	-0.826693	-0.560952
10.032	-0.820209	-0.57001	-0.838415	-0.820209	-0.57001
10.043	-0.813724	-0.578996	-0.837886	-0.813724	-0.578996
10.054	-0.80724	-0.587912	-0.837203	-0.80724	-0.587912
10.065	-0.800756	-0.596756	-0.836364	-0.800756	-0.596756
10.076	-0.794272	-0.605528	-0.835369	-0.794272	-0.605528
10.087	-0.787788	-0.61423	-0.83422	-0.787788	-0.61423
10.098	-0.781304	-0.62286	-0.832916	-0.781304	-0.62286
10.109	-0.774819	-0.631418	-0.831456	-0.774819	-0.631418
10.12	-0.767572	-0.639902	-0.773564	-0.767572	-0.639902
10.131	-0.760143	-0.648305	-0.773523	-0.760143	-0.648305
10.142	-0.752715	-0.656625	-0.773449	-0.752715	-0.656625
10.153	-0.745286	-0.664864	-0.773344	-0.745286	-0.664864
10.164	-0.737857	-0.673022	-0.773206	-0.737857	-0.673022
10.175	-0.730429	-0.681097	-0.773037	-0.730429	-0.681097
10.186	-0.723	-0.689091	-0.772836	-0.723	-0.689091
10.197	-0.715571	-0.697003	-0.772602	-0.715571	-0.697003
10.208	-0.708143	-0.704834	-0.772337	-0.708143	-0.704834
10.219	-0.700714	-0.712582	-0.77204	-0.700714	-0.712582
10.23	-0.692682	-0.720247	-0.698504	-0.692682	-0.720247
10.241	-0.684401	-0.727821	-0.698338	-0.684401	-0.727821
10.252	-0.676119	-0.735304	-0.698036	-0.676119	-0.735304
10.263	-0.667837	-0.742696	-0.697597	-0.667837	-0.742696
10.274	-0.659556	-0.749996	-0.69702	-0.659556	-0.749996
10.285	-0.651274	-0.757206	-0.696307	-0.651274	-0.757206
10.296	-0.642993	-0.764324	-0.695457	-0.642993	-0.764324
10.307	-0.634711	-0.771352	-0.69447	-0.634711	-0.771352
10.318	-0.62643	-0.778288	-0.693346	-0.62643	-0.778288
10.329	-0.618148	-0.785133	-0.692085	-0.618148	-0.785133
10.34	-0.609412	-0.791886	-0.614884	-0.609412	-0.791886
10.351	-0.600379	-0.79854	-0.614871	-0.600379	-0.79854
10.362	-0.591347	-0.805094	-0.614846	-0.591347	-0.805094
10.373	-0.582315	-0.811549	-0.61481	-0.582315	-0.811549
10.384	-0.573282	-0.817905	-0.614762	-0.573282	-0.817905
10.395	-0.56425	-0.824161	-0.614702	-0.56425	-0.824161
10.406	-0.555218	-0.830319	-0.614631	-0.555218	-0.830319
10.417	-0.546185	-0.836376	-0.614548	-0.546185	-0.836376
10.428	-0.537153	-0.842335	-0.614453	-0.537153	-0.842335
10.439	-0.528121	-0.848194	-0.614347	-0.528121	-0.848194
10.45	-0.518765	-0.853952	-0.523635	-0.518765	-0.853952
10.461	-0.509094	-0.859606	-0.52352	-0.509094	-0.859606
10.472	-0.499422	-0.865152	-0.52329	-0.499422	-0.865152
10.483	-0.48975	-0.870593	-0.522944	-0.48975	-0.870593
10.494	-0.480079	-0.875927	-0.522484	-0.480079	-0.875927
10.505	-0.470407	-0.881155	-0.521909	-0.470407	-0.881155
10.516	-0.460735	-0.886276	-0.521219	-0.460735	-0.886276
10.527	-0.451064	-0.891291	-0.520414	-0.451064	-0.891291
10.538	-0.441392	-0.896199	-0.519494	-0.441392	-0.896199
10.549	-0.43172	-0.901001	-0.518459	-0.43172	-0.901001
10.56	-0.421839	-0.905697	-0.425957	-0.421839	-0.905697
10.571	-0.411647	-0.910281	-0.425968	-0.411647	-0.910281
10.582	-0.401455	-0.914753	-0.425991	-0.401455	-0.914753
10.593	-0.391263	-0.919113	-0.426026	-0.391263	-0.919113
10.604	-0.381072	-0.923361	-0.426072	-0.381072	-0.923361
10.615	-0.37088	-0.927496	-0.426131	-0.37088	-0.927496
10.626	-0.360688	-0.93152	-0.426201	-0.360688	-0.93152
10.637	-0.350496	-0.935432	-0.426284	-0.350496	-0.935432
10.648	-0.340305	-0.939231	-0.426378	-0.340305	-0.939231
10.659	-0.330113	-0.942918	-0.426484	-0.330113	-0.942918
10.67	-0.319801	-0.946493	-0.323005	-0.319801	-0.946493
10.681	-0.309215	-0.949953	-0.322933	-0.309215	-0.949953
10.692	-0.298629	-0.953296	-0.322771	-0.298629	-0.953296
10.703	-0.288043	-0.956523	-0.322518	-0.288043	-0.956523
10.714	-0.277457	-0.959633	-0.322176	-0.277457	-0.959633
10.725	-0.266871	-0.962627	-0.321744	-0.266871	-0.962627
10.736	-0.256285	-0.965504	-0.321221	-0.256285	-0.965504
10.747	-0.245699	-0.968265	-0.320609	-0.245699	-0.968265
10.758	-0.235112	-0.970909	-0.319906	-0.235112	-0.970909
10.769	-0.224526	-0.973437	-0.319114	-0.224526	-0.973437
10.78	-0.213887	-0.975849	-0.216079	-0.213887	-0.975849
10.791	-0.203037	-0.978142	-0.216106	-0.203037	-0.978142
10.802	-0.192187	-0.980316	-0.21617	-0.192187	-0.980316
10.813	-0.181337	-0.98237	-0.216272	-0.181337	-0.98237
10.824	-0.170487	-0.984305	-0.216412	-0.170487	-0.984305
10.835	-0.159637	-0.986121	-0.21659	-0.159637	-0.986121
10.846	-0.148787	-0.987817	-0.216805	-0.148787	-0.987817
10.857	-0.137937	-0.989394	-0.217059	-0.137937	-0.989394
10.868	-0.127087	-0.990852	-0.21735	-0.127087	-0.990852
10.879	-0.116237	-0.99219	-0.217679	-0.116237	-0.99219
10.89	-0.105374	-0.993409	-0.106483	-0.105374	-0.993409
10.901	-0.0943941	-0.994508	-0.106445	-0.0943941	-0.994508
10.912	-0.0834141	-0.995486	-0.106343	-0.0834141	-0.995486
10.923	-0.0724341	-0.996343	-0.106178	-0.0724341	-0.996343
10.934	-0.0614542	-0.997079	-0.105949	-0.0614542	-0.997079
10.945	-0.0504742	-0.997695	-0.105657	-0.0504742	-0.997695
10.956	-0.0394942	-0.99819	-0.105301	-0.0394942	-0.99819
10.967	-0.0285142	-0.998564	-0.104881	-0.0285142	-0.998564
10.978	-0.0175343	-0.998817	-0.104398	-0.0175343	-0.998817
10.989	-0.00655428	-0.998949	-0.103852	-0.00655428	-0.998949
11	0.0044257	-0.998961	-0.103242	0.0044257	-0.998961
