0	1	0	-0.0994446	1	0	-0.171846
0.011	0.998868	0.0109938	-0.106362	0.998109	0.0109896	-0.171965
0.022	0.99766	0.0219748	-0.113279	0.996216	0.0219584	-0.172321
0.033	0.996376	0.0329421	-0.120196	0.994317	0.0329063	-0.172915
0.044	0.995016	0.0438948	-0.127114	0.992411	0.0438333	-0.173746
0.055	0.993579	0.0548322	-0.134031	0.990494	0.0547393	-0.174814
0.066	0.992067	0.0657533	-0.140948	0.988564	0.0656242	-0.17612
0.077	0.990479	0.0766573	-0.147866	0.986619	0.0764877	-0.177664
0.088	0.988814	0.0875435	-0.154783	0.984655	0.0873297	-0.179445
0.099	0.987073	0.098411	-0.1617	0.98267	0.09815	-0.181463
0.11	0.985257	0.109259	-0.168617	0.980662	0.108948	-0.183719
0.121	0.983364	0.120086	-0.175535	0.978627	0.119724	-0.186213
0.132	0.981395	0.130893	-0.182452	0.976564	0.130478	-0.188943
0.143	0.97935	0.141677	-0.189369	0.97447	0.141209	-0.191912
0.154	0.977229	0.152438	-0.196286	0.972341	0.151916	-0.195117
0.165	0.975032	0.163176	-0.203204	0.970176	0.1626	-0.198561
0.176	0.972758	0.173888	-0.210121	0.967972	0.17326	-0.202241
0.187	0.970409	0.184576	-0.217038	0.965726	0.183895	-0.206159
0.198	0.967983	0.195237	-0.223955	0.963436	0.194506	-0.210315
0.209	0.965482	0.205871	-0.230873	0.961098	0.205091	-0.214708
0.22	0.962904	0.216477	-0.23779	0.958711	0.21565	-0.219339
0.231	0.96025	0.227055	-0.244707	0.956272	0.226182	-0.224207
0.242	0.957521	0.237603	-0.251625	0.953778	0.236688	-0.229312
0.253	0.954715	0.24812	-0.258542	0.951226	0.247165	-0.234655
0.264	0.951833	0.258606	-0.265459	0.948614	0.257614	-0.240235
0.275	0.948875	0.26906	-0.272376	0.94594	0.268034	-0.246053
0.286	0.94584	0.279481	-0.279294	0.9432	0.278425	-0.252109
0.297	0.94273	0.289868	-0.286211	0.940393	0.288785	-0.258401
0.308	0.939544	0.300221	-0.293128	0.937515	0.299113	-0.264931
0.319	0.936281	0.310538	-0.300045	0.934563	0.30941	-0.271699
0.33	0.932943	0.320819	-0.306963	0.931536	0.319673	-0.278704
0.341	0.929528	0.331062	-0.31388	0.928431	0.329903	-0.285947
0.352	0.926037	0.341268	-0.320797	0.925245	0.340098	-0.293427
0.363	0.922471	0.351435	-0.327714	0.921975	0.350258	-0.301145
0.374	0.918828	0.361562	-0.334632	0.918619	0.360382	-0.3091
0.385	0.915109	0.371649	-0.341549	0.915174	0.370467	-0.317292
0.396	0.911314	0.381694	-0.348466	0.911637	0.380515	-0.325722
0.407	0.907442	0.391698	-0.355384	0.908007	0.390523	-0.334389
0.418	0.903495	0.401658	-0.362301	0.90428	0.400491	-0.343294
0.429	0.899472	0.411574	-0.369218	0.900454	0.410417	-0.352436
0.44	0.895372	0.421446	-0.376135	0.896525	0.4203	-0.361816
0.451	0.891197	0.431272	-0.383053	0.892493	0.43014	-0.371433
0.462	0.886945	0.441052	-0.38997	0.888353	0.439935	-0.381288
0.473	0.882618	0.450785	-0.396887	0.884104	0.449684	-0.39138
0.484	0.878214	0.460469	-0.403804	0.879742	0.459385	-0.40171
0.495	0.873734	0.470105	-0.410722	0.875265	0.469037	-0.412277
0.506	0.869178	0.479691	-0.417639	0.870671	0.47864	-0.423082
0.517	0.864546	0.489227	-0.424556	0.865956	0.488192	-0.434124
0.528	0.859838	0.498711	-0.431473	0.861119	0.497691	-0.445403
0.539	0.855053	0.508143	-0.438391	0.856157	0.507136	-0.45692
0.55	0.850193	0.517522	-0.445308	0.851066	0.516526	-0.468674
0.561	0.845257	0.526847	-0.452225	0.845845	0.525859	-0.480666
0.572	0.840244	0.536117	-0.459143	0.840491	0.535134	-0.492896
0.583	0.835152	0.545332	-0.46756	0.835	0.544349	-0.505335
0.594	0.829949	0.55449	-0.478549	0.829374	0.553503	-0.517688
0.605	0.824624	0.56359	-0.489538	0.823612	0.562595	-0.529875
0.616	0.819179	0.572631	-0.500527	0.817717	0.571622	-0.541895
0.627	0.813613	0.581612	-0.511516	0.811691	0.580584	-0.553748
0.638	0.807926	0.59053	-0.522505	0.805535	0.589479	-0.565435
0.649	0.802118	0.599386	-0.533494	0.799252	0.598305	-0.576955
0.66	0.796189	0.608176	-0.544483	0.792843	0.607062	-0.588308
0.671	0.790139	0.616901	-0.555471	0.78631	0.615748	-0.599495
0.682	0.783968	0.625559	-0.56646	0.779654	0.62436	-0.610515
0.693	0.777677	0.634148	-0.577449	0.772879	0.6329	-0.621368
0.704	0.771265	0.642668	-0.588438	0.765985	0.641363	-0.632055
0.715	0.764731	0.651116	-0.599427	0.758974	0.649751	-0.642575
0.726	0.758077	0.659491	-0.610416	0.751849	0.65806	-0.652928
0.737	0.751302	0.667793	-0.621405	0.744611	0.666291	-0.663115
0.748	0.744406	0.676019	-0.632394	0.737261	0.674441	-0.673135
0.759	0.737389	0.684169	-0.643383	0.729802	0.68251	-0.682989
0.77	0.730252	0.692242	-0.654372	0.722236	0.690497	-0.692675
0.781	0.722993	0.700234	-0.665361	0.714564	0.698399	-0.702196
0.792	0.715614	0.708147	-0.67635	0.706788	0.706217	-0.711549
0.803	0.708114	0.715978	-0.687339	0.69891	0.713948	-0.720736
0.814	0.700492	0.723725	-0.698328	0.690933	0.721592	-0.729756
0.825	0.69275	0.731388	-0.709317	0.682856	0.729148	-0.738609
0.836	0.684887	0.738965	-0.720306	0.674684	0.736615	-0.747296
0.847	0.676904	0.746455	-0.731295	0.666417	0.743991	-0.755816
0.858	0.668799	0.753856	-0.742284	0.658056	0.751276	-0.76417
0.869	0.660573	0.761168	-0.753273	0.649605	0.758468	-0.772357
0.88	0.652227	0.768389	-0.764261	0.641065	0.765567	-0.780377
0.891	0.64376	0.775517	-0.77525	0.632438	0.772571	-0.78823
0.902	0.635171	0.782551	-0.786239	0.623725	0.77948	-0.795917
0.913	0.626462	0.78949	-0.797228	0.614928	0.786293	-0.803437
0.924	0.617632	0.796333	-0.808217	0.60605	0.793008	-0.810791
0.935	0.608682	0.803077	-0.819206	0.597091	0.799625	-0.817978
0.946	0.59961	0.809723	-0.830195	0.588055	0.806144	-0.824998
0.957	0.590417	0.816268	-0.841184	0.578942	0.812562	-0.831852
0.968	0.581104	0.822712	-0.852173	0.569755	0.81888	-0.838538
0.979	0.571669	0.829052	-0.863162	0.560495	0.825097	-0.845059
0.99	0.562114	0.835288	-0.874151	0.551164	0.831211	-0.851412
1.001	0.552438	0.841418	-0.88514	0.541764	0.837222	-0.857599
1.012	0.542641	0.847441	-0.896129	0.532297	0.843129	-0.86362
1.023	0.532723	0.853356	-0.907118	0.522765	0.848932	-0.869473
1.034	0.522685	0.859161	-0.918107	0.51317	0.85463	-0.87516
1.045	0.512525	0.864855	-0.929096	0.503512	0.860222	-0.88068
1.056	0.502244	0.870436	-0.940085	0.493795	0.865707	-0.886034
1.067	0.491843	0.875904	-0.951074	0.48402	0.871085	-0.891221
1.078	0.481321	0.881256	-0.962062	0.474189	0.876355	-0.896241
1.089	0.470678	0.886492	-0.973051	0.464304	0.881517	-0.901095
1.1	0.459914	0.891611	-0.98404	0.454366	0.88657	-0.905782
1.111	0.449029	0.89661	-0.995029	0.444377	0.891513	-0.910302
1.122	0.438023	0.901489	-1.00602	0.43434	0.896346	-0.914656
1.133	0.426896	0.906246	-1.01701	0.424255	0.901068	-0.918843
1.144	0.415649	0.91088	-1.028	0.414126	0.905679	-0.922863
1.155	0.404281	0.91539	-1.03899	0.403953	0.910179	-0.926717
1.166	0.392831	0.919774	-1.0401	0.393738	0.914566	-0.930422
1.177	0.381403	0.924032	-1.0377	0.383484	0.918841	-0.934022
1.188	0.370002	0.928165	-1.0353	0.37319	0.923003	-0.93752
1.199	0.358627	0.932172	-1.03289	0.362859	0.927051	-0.940915
1.21	0.347278	0.936055	-1.03049	0.352491	0.930985	-0.944209
1.221	0.335956	0.939813	-1.02808	0.342087	0.934806	-0.9474
1.232	0.32466	0.943446	-1.02568	0.331648	0.938511	-0.950489
1.243	0.313391	0.946955	-1.02327	0.321176	0.942102	-0.953476
1.254	0.302149	0.950341	-1.02087	0.310672	0.945577	-0.956361
1.265	0.290932	0.953602	-1.01846	0.300137	0.948937	-0.959144
1.276	0.279742	0.956741	-1.01606	0.289571	0.95218	-0.961824
1.287	0.268579	0.959757	-1.01365	0.278977	0.955307	-0.964402
1.298	0.257442	0.96265	-1.01125	0.268355	0.958317	-0.966878
1.309	0.246332	0.965421	-1.00884	0.257706	0.961211	-0.969252
1.32	0.235248	0.968069	-1.00644	0.247032	0.963987	-0.971524
1.331	0.22419	0.970596	-1.00403	0.236333	0.966645	-0.973693
1.342	0.213159	0.973002	-1.00163	0.225611	0.969186	-0.975761
1.353	0.202154	0.975286	-0.999222	0.214866	0.971609	-0.977726
1.364	0.191176	0.977449	-0.996817	0.204101	0.973913	-0.979589
1.375	0.180224	0.979492	-0.994412	0.193316	0.976099	-0.981349
1.386	0.169299	0.981414	-0.992007	0.182512	0.978166	-0.983008
1.397	0.1584	0.983217	-0.989603	0.17169	0.980114	-0.984564
1.408	0.147528	0.984899	-0.987198	0.160852	0.981943	-0.986018
1.419	0.136682	0.986462	-0.984793	0.149998	0.983653	-0.98737
1.43	0.125862	0.987906	-0.982388	0.13913	0.985243	-0.98862
1.441	0.115069	0.989231	-0.979983	0.128249	0.986713	-0.989768
1.452	0.104303	0.990438	-0.977578	0.117355	0.988064	-0.990813
1.463	0.0935624	0.991526	-0.975173	0.106451	0.989295	-0.991756
1.474	0.0828487	0.992496	-0.972768	0.0955372	0.990406	-0.992597
1.485	0.0721615	0.993349	-0.970364	0.0846145	0.991397	-0.993336
1.496	0.0615007	0.994084	-0.967959	0.0736842	0.992268	-0.993973
1.507	0.0508664	0.994702	-0.965554	0.0627474	0.993018	-0.994507
1.518	0.0402586	0.995203	-0.963149	0.0518054	0.993648	-0.99494
1.529	0.0296771	0.995588	-0.960744	0.0408591	0.994158	-0.99527
1.54	0.0191222	0.995856	-0.958339	0.0299098	0.994547	-0.995498
1.551	0.00859368	0.996008	-0.955934	0.0189586	0.994816	-0.995623
1.562	-0.00190837	0.996045	-0.953529	0.00800649	0.994964	-0.995647
1.573	-0.012384	0.995967	-0.951125	-0.00294529	0.994992	-0.995568
1.584	-0.0228331	0.995773	-0.94872	-0.0138956	0.994899	-0.995387
1.595	-0.0332558	0.995464	-0.946315	-0.0248434	0.994686	-0.995104
1.606	-0.043652	0.995041	-0.94391	-0.0357876	0.994353	-0.994719
1.617	-0.0540218	0.994504	-0.941505	-0.0467269	0.993899	-0.994231
1.628	-0.0643651	0.993853	-0.9391	-0.0576603	0.993325	-0.993642
1.639	-0.074682	0.993088	-0.936695	-0.0685866	0.99263	-0.99295
1.65	-0.0849724	0.99221	-0.934291	-0.0795048	0.991816	-0.992156
1.661	-0.0952364	0.991219	-0.931886	-0.0904137	0.990881	-0.99126
1.672	-0.105474	0.990115	-0.929481	-0.101312	0.989827	-0.990261
1.683	-0.115685	0.988899	-0.927076	-0.112199	0.988653	-0.989161
1.694	-0.12587	0.98757	-0.924671	-0.123073	0.987359	-0.987958
1.705	-0.136028	0.98613	-0.922266	-0.133934	0.985945	-0.986653
1.716	-0.146159	0.984577	-0.919861	-0.144779	0.984412	-0.985246
1.727	-0.156265	0.982914	-0.917456	-0.155609	0.98276	-0.983737
1.738	-0.166344	0.98114	-0.915186	-0.166421	0.980989	-0.982125
1.749	-0.176404	0.979255	-0.914055	-0.177215	0.979099	-0.980403
1.76	-0.186453	0.977259	-0.912924	-0.18799	0.97709	-0.978566
1.771	-0.196489	0.975153	-0.911793	-0.198743	0.974963	-0.976614
1.782	-0.206512	0.972936	-0.910662	-0.209475	0.972718	-0.974546
1.793	-0.216523	0.970609	-0.909531	-0.220183	0.970355	-0.972362
1.804	-0.226522	0.968173	-0.9084	-0.230866	0.967874	-0.970063
1.815	-0.236508	0.965626	-0.907269	-0.241524	0.965276	-0.967649
1.826	-0.246482	0.96297	-0.906138	-0.252154	0.96256	-0.96512
1.837	-0.256443	0.960203	-0.905007	-0.262756	0.959728	-0.962474
1.848	-0.266392	0.957328	-0.903876	-0.273328	0.95678	-0.959714
1.859	-0.276328	0.954343	-0.902745	-0.283869	0.953715	-0.956838
1.87	-0.286252	0.951249	-0.901614	-0.294378	0.950535	-0.953847
1.881	-0.296164	0.948045	-0.900483	-0.304853	0.947239	-0.95074
1.892	-0.306063	0.944733	-0.899353	-0.315294	0.943828	-0.947518
1.903	-0.31595	0.941312	-0.898222	-0.325698	0.940303	-0.94418
1.914	-0.325824	0.937782	-0.897091	-0.336065	0.936663	-0.940727
1.925	-0.335686	0.934144	-0.89596	-0.346394	0.932909	-0.937159
1.936	-0.345535	0.930397	-0.894829	-0.356683	0.929042	-0.933475
1.947	-0.355372	0.926542	-0.893698	-0.36693	0.925063	-0.929676
1.958	-0.365196	0.922579	-0.892567	-0.377135	0.92097	-0.925761
1.969	-0.375008	0.918508	-0.891436	-0.387296	0.916766	-0.921731
1.98	-0.384808	0.914329	-0.890305	-0.397413	0.91245	-0.917586
1.991	-0.394595	0.910042	-0.889174	-0.407483	0.908023	-0.913325
2.002	-0.40437	0.905648	-0.888043	-0.417505	0.903485	-0.908948
2.013	-0.414132	0.901146	-0.886912	-0.427479	0.898838	-0.904457
2.024	-0.423882	0.896537	-0.885781	-0.437403	0.894081	-0.899849
2.035	-0.433619	0.891821	-0.88465	-0.447275	0.889215	-0.895127
2.046	-0.443344	0.886998	-0.88352	-0.457095	0.884241	-0.890289
2.057	-0.453057	0.882067	-0.882389	-0.466861	0.879159	-0.885335
2.068	-0.462757	0.87703	-0.881258	-0.476572	0.87397	-0.880267
2.079	-0.472444	0.871887	-0.880127	-0.486227	0.868675	-0.875082
2.09	-0.48212	0.866637	-0.878996	-0.495824	0.863274	-0.869783
2.101	-0.491782	0.86128	-0.877865	-0.505362	0.857767	-0.864368
2.112	-0.501433	0.855817	-0.876734	-0.514839	0.852156	-0.858837
2.123	-0.51107	0.850249	-0.875603	-0.524256	0.846441	-0.853191
2.134	-0.520696	0.844574	-0.874472	-0.533609	0.840623	-0.84743
2.145	-0.530309	0.838793	-0.873341	-0.542899	0.834702	-0.841553
2.156	-0.539909	0.832907	-0.87221	-0.552123	0.828679	-0.835561
2.167	-0.549497	0.826915	-0.871079	-0.561281	0.822555	-0.829453
2.178	-0.559073	0.820818	-0.869948	-0.57037	0.816331	-0.82323
2.189	-0.568636	0.814616	-0.868817	-0.579391	0.810007	-0.816892
2.2	-0.578187	0.808308	-0.867686	-0.588342	0.803585	-0.810438
2.211	-0.587725	0.801896	-0.866556	-0.59722	0.797064	-0.803869
2.222	-0.597251	0.795378	-0.865425	-0.606026	0.790446	-0.797184
2.233	-0.606765	0.788756	-0.864294	-0.614758	0.783732	-0.790384
2.244	-0.616266	0.78203	-0.863163	-0.623414	0.776922	-0.783468
2.255	-0.625754	0.775199	-0.862032	-0.631994	0.770017	-0.776437
2.266	-0.63523	0.768263	-0.860901	-0.640496	0.763018	-0.769291
2.277	-0.644694	0.761223	-0.85977	-0.648918	0.755926	-0.762029
2.288	-0.654145	0.75408	-0.858639	-0.65726	0.748742	-0.754652
2.299	-0.663584	0.746832	-0.857508	-0.66552	0.741467	-0.74716
2.31	-0.673011	0.739481	-0.856377	-0.673697	0.734101	-0.739552
2.321	-0.682409	0.732026	-0.849448	-0.68179	0.726646	-0.731834
2.332	-0.69168	0.724469	-0.836075	-0.689797	0.719102	-0.724048
2.343	-0.700803	0.71681	-0.822703	-0.697718	0.711471	-0.716201
2.354	-0.709779	0.709051	-0.809331	-0.705553	0.703753	-0.708292
2.365	-0.718608	0.701195	-0.795958	-0.713301	0.695949	-0.700322
2.376	-0.72729	0.693243	-0.782586	-0.72096	0.68806	-0.69229
2.387	-0.735825	0.685195	-0.769214	-0.728531	0.680088	-0.684198
2.398	-0.744213	0.677055	-0.755841	-0.736012	0.672033	-0.676044
2.409	-0.752454	0.668823	-0.742469	-0.743404	0.663896	-0.667829
2.42	-0.760547	0.660502	-0.729096	-0.750704	0.655678	-0.659552
2.431	-0.768494	0.652092	-0.715724	-0.757913	0.647381	-0.651215
2.442	-0.776293	0.643595	-0.702352	-0.765031	0.639005	-0.642816
2.453	-0.783946	0.635014	-0.688979	-0.772055	0.630551	-0.634355
2.464	-0.791451	0.626349	-0.675607	-0.778986	0.62202	-0.625834
2.475	-0.798809	0.617602	-0.662235	-0.785823	0.613413	-0.617251
2.486	-0.80602	0.608776	-0.648862	-0.792566	0.604732	-0.608607
2.497	-0.813084	0.59987	-0.63549	-0.799212	0.595977	-0.599901
2.508	-0.820001	0.590888	-0.622118	-0.805763	0.58715	-0.591135
2.519	-0.82677	0.581831	-0.608745	-0.812217	0.578251	-0.582307
2.53	-0.833393	0.5727	-0.595373	-0.818574	0.569281	-0.573417
2.541	-0.839869	0.563497	-0.582001	-0.824832	0.560242	-0.564467
2.552	-0.846197	0.554223	-0.568628	-0.830992	0.551135	-0.555455
2.563	-0.852378	0.544881	-0.555256	-0.837052	0.541961	-0.546382
2.574	-0.858413	0.535472	-0.541883	-0.843012	0.532721	-0.537247
2.585	-0.8643	0.525997	-0.528511	-0.848871	0.523415	-0.528051
2.596	-0.87004	0.516458	-0.515139	-0.854629	0.514046	-0.518794
2.607	-0.875633	0.506856	-0.501766	-0.860284	0.504614	-0.509476
2.618	-0.881079	0.497194	-0.488394	-0.865837	0.49512	-0.500096
2.629	-0.886378	0.487473	-0.475022	-0.871286	0.485566	-0.490656
2.64	-0.891529	0.477694	-0.461649	-0.876631	0.475952	-0.481153
2.651	-0.896534	0.46786	-0.448277	-0.881871	0.46628	-0.47159
2.662	-0.901391	0.457971	-0.434905	-0.887006	0.456551	-0.461965
2.673	-0.906102	0.44803	-0.421532	-0.892034	0.446766	-0.452279
2.684	-0.910665	0.438037	-0.40816	-0.896956	0.436927	-0.442532
2.695	-0.915081	0.427996	-0.394788	-0.90177	0.427034	-0.432723
2.706	-0.91935	0.417906	-0.381415	-0.906476	0.417088	-0.422853
2.717	-0.923472	0.407771	-0.368043	-0.911072	0.407092	-0.412922
2.728	-0.927447	0.39759	-0.354671	-0.91556	0.397045	-0.40293
2.739	-0.931275	0.387367	-0.341298	-0.919937	0.38695	-0.392876
2.75	-0.934956	0.377103	-0.327926	-0.924203	0.376807	-0.382761
2.761	-0.93849	0.366799	-0.314553	-0.928357	0.366618	-0.372585
2.772	-0.941876	0.356457	-0.301181	-0.932399	0.356383	-0.362347
2.783	-0.945116	0.346078	-0.287809	-0.936329	0.346105	-0.352048
2.794	-0.948208	0.335665	-0.274436	-0.940144	0.335785	-0.341688
2.805	-0.951153	0.325218	-0.261064	-0.943845	0.325423	-0.331267
2.816	-0.953951	0.31474	-0.247692	-0.947432	0.31502	-0.320784
2.827	-0.956602	0.304232	-0.234319	-0.950903	0.304579	-0.31024
2.838	-0.959106	0.293695	-0.220947	-0.954257	0.294101	-0.299635
2.849	-0.961463	0.283132	-0.207575	-0.957494	0.283586	-0.288968
2.86	-0.963673	0.272543	-0.194202	-0.960614	0.273037	-0.27824
2.871	-0.965736	0.261932	-0.18083	-0.963615	0.262453	-0.267451
2.882	-0.967651	0.251298	-0.167458	-0.966498	0.251837	-0.2566
2.893	-0.96942	0.240644	-0.154085	-0.96926	0.241191	-0.245689
2.904	-0.971065	0.229971	-0.145766	-0.971903	0.230514	-0.234739
2.915	-0.972627	0.219281	-0.138395	-0.974425	0.219809	-0.223794
2.926	-0.974109	0.208574	-0.131023	-0.976826	0.209077	-0.212853
2.937	-0.97551	0.197851	-0.123652	-0.979107	0.19832	-0.201917
2.948	-0.97683	0.187113	-0.11628	-0.981268	0.187537	-0.190986
2.959	-0.978068	0.176361	-0.108909	-0.983309	0.176732	-0.18006
2.97	-0.979226	0.165595	-0.101537	-0.98523	0.165905	-0.169139
2.981	-0.980302	0.154818	-0.0941659	-0.98703	0.155057	-0.158222
2.992	-0.981297	0.144029	-0.0867944	-0.988711	0.144191	-0.147311
3.003	-0.982211	0.13323	-0.0794229	-0.990271	0.133306	-0.136404
3.014	-0.983044	0.122421	-0.0720514	-0.991711	0.122405	-0.125502
3.025	-0.983797	0.111603	-0.06468	-0.993032	0.111489	-0.114605
3.036	-0.984467	0.100777	-0.0573085	-0.994233	0.100559	-0.103713
3.047	-0.985057	0.089945	-0.049937	-0.995314	0.0896164	-0.0928253
3.058	-0.985566	0.0791065	-0.0425655	-0.996275	0.0786625	-0.0819428
3.069	-0.985994	0.0682629	-0.0351941	-0.997117	0.0676987	-0.0710652
3.08	-0.98634	0.0574149	-0.0278226	-0.997838	0.0567264	-0.0601924
3.091	-0.986606	0.0465637	-0.0204511	-0.998441	0.0457467	-0.0493245
3.102	-0.98679	0.0357099	-0.0130796	-0.998924	0.0347611	-0.0384614
3.113	-0.986894	0.0248546	-0.00570815	-0.999287	0.0237709	-0.0276031
3.124	-0.986916	0.0139986	0.00166332	-0.999531	0.0127773	-0.0167498
3.135	-0.986857	0.00314273	0.0090348	-0.999655	0.00178162	-0.00590122
3.146	-0.986717	-0.00771201	0.0164063	-0.999661	-0.00921473	0.00494247
3.157	-0.986496	-0.0185648	0.0237778	-0.999547	-0.0202105	0.0157813
3.168	-0.986194	-0.0294146	0.0311492	-0.999314	-0.0312043	0.0266153
3.179	-0.985811	-0.0402607	0.0385207	-0.998961	-0.0421949	0.0374444
3.19	-0.985347	-0.0511022	0.0458922	-0.99849	-0.053181	0.0482687
3.201	-0.984801	-0.061938	0.0532637	-0.997899	-0.0641613	0.0590881
3.212	-0.984175	-0.0727675	0.0606351	-0.99719	-0.0751344	0.0699027
3.223	-0.983467	-0.0835896	0.0680066	-0.996361	-0.086099	0.0807125
3.234	-0.982679	-0.0944035	0.0753781	-0.995414	-0.0970539	0.0915173
3.245	-0.981809	-0.105208	0.0827496	-0.994348	-0.107998	0.102317
3.256	-0.980858	-0.116003	0.090121	-0.993163	-0.118929	0.113113
3.267	-0.979826	-0.126787	0.0974925	-0.99186	-0.129847	0.123903
3.278	-0.978713	-0.137559	0.104864	-0.990437	-0.14075	0.134688
3.289	-0.977519	-0.148318	0.112235	-0.988897	-0.151636	0.145469
3.3	-0.976244	-0.159064	0.119607	-0.987237	-0.162505	0.156245
3.311	-0.974888	-0.169795	0.126978	-0.985459	-0.173355	0.167016
3.322	-0.973451	-0.180511	0.13435	-0.983563	-0.184185	0.177782
3.333	-0.971932	-0.191211	0.141721	-0.981548	-0.194993	0.188543
3.344	-0.970333	-0.201893	0.149093	-0.979415	-0.205778	0.199299
3.355	-0.968652	-0.212558	0.156464	-0.977163	-0.216539	0.210051
3.366	-0.96689	-0.223203	0.163836	-0.974794	-0.227275	0.220798
3.377	-0.965048	-0.233829	0.171207	-0.972306	-0.237984	0.231539
3.388	-0.963124	-0.244434	0.178579	-0.9697	-0.248666	0.242276
3.399	-0.961119	-0.255018	0.18595	-0.966976	-0.259317	0.253008
3.41	-0.959033	-0.265579	0.193322	-0.964134	-0.269939	0.263736
3.421	-0.956866	-0.276116	0.200693	-0.961174	-0.280528	0.274458
3.432	-0.954618	-0.286629	0.208065	-0.958096	-0.291084	0.285176
3.443	-0.952288	-0.297117	0.215436	-0.9549	-0.301606	0.295888
3.454	-0.949878	-0.307579	0.222808	-0.951586	-0.312091	0.306596
3.465	-0.947387	-0.318014	0.230179	-0.948155	-0.32254	0.317299
3.476	-0.944813	-0.328422	0.238704	-0.944606	-0.33295	0.327996
3.487	-0.942116	-0.3388	0.251556	-0.940939	-0.343321	0.338642
3.498	-0.939279	-0.349148	0.264408	-0.937156	-0.353651	0.349216
3.509	-0.936299	-0.359463	0.27726	-0.933256	-0.363938	0.359719
3.52	-0.933179	-0.369746	0.290112	-0.929242	-0.374182	0.370151
3.531	-0.929917	-0.379993	0.302965	-0.925113	-0.384381	0.38051
3.542	-0.926514	-0.390203	0.315817	-0.920871	-0.394534	0.390798
3.553	-0.922969	-0.400376	0.328669	-0.916516	-0.40464	0.401015
3.564	-0.919283	-0.410508	0.341521	-0.912049	-0.414697	0.41116
3.575	-0.915456	-0.420599	0.354373	-0.907471	-0.424704	0.421234
3.586	-0.911487	-0.430648	0.367225	-0.902782	-0.434661	0.431236
3.597	-0.907377	-0.440651	0.380077	-0.897984	-0.444565	0.441166
3.608	-0.903125	-0.450609	0.392929	-0.893077	-0.454416	0.451025
3.619	-0.898732	-0.46052	0.405781	-0.888062	-0.464212	0.460813
3.63	-0.894198	-0.470381	0.418633	-0.882939	-0.473953	0.470529
3.641	-0.889522	-0.480192	0.431485	-0.87771	-0.483637	0.480173
3.652	-0.884705	-0.48995	0.444337	-0.872376	-0.493262	0.489746
3.663	-0.879747	-0.499655	0.457189	-0.866936	-0.502829	0.499247
3.674	-0.874647	-0.509304	0.470041	-0.861392	-0.512334	0.508677
3.685	-0.869406	-0.518896	0.482893	-0.855745	-0.521779	0.518035
3.696	-0.864023	-0.52843	0.495745	-0.849996	-0.531161	0.527322
3.707	-0.8585	-0.537904	0.508597	-0.844145	-0.540478	0.536537
3.718	-0.852834	-0.547317	0.521449	-0.838192	-0.549731	0.54568
3.729	-0.847028	-0.556666	0.534301	-0.83214	-0.558918	0.554752
3.74	-0.84108	-0.565951	0.547153	-0.825988	-0.568038	0.563753
3.751	-0.83499	-0.575169	0.560005	-0.819738	-0.57709	0.572682
3.762	-0.82876	-0.58432	0.572857	-0.813389	-0.586072	0.581539
3.773	-0.822387	-0.593402	0.585709	-0.806944	-0.594984	0.590325
3.784	-0.815874	-0.602412	0.598561	-0.800403	-0.603824	0.599039
3.795	-0.809219	-0.61135	0.611413	-0.793765	-0.612592	0.607682
3.806	-0.802423	-0.620214	0.624265	-0.787034	-0.621287	0.616253
3.817	-0.795485	-0.629003	0.637117	-0.780208	-0.629907	0.624753
3.828	-0.788406	-0.637715	0.649969	-0.773289	-0.638451	0.633181
3.839	-0.781186	-0.646347	0.662821	-0.766278	-0.646919	0.641538
3.85	-0.773824	-0.6549	0.675673	-0.759176	-0.655309	0.649823
3.861	-0.766321	-0.663371	0.688525	-0.751983	-0.66362	0.658036
3.872	-0.758677	-0.671759	0.701377	-0.744699	-0.671852	0.666178
3.883	-0.750891	-0.680061	0.714229	-0.737327	-0.680003	0.674249
3.894	-0.742964	-0.688278	0.727081	-0.729866	-0.688073	0.682247
3.905	-0.734895	-0.696406	0.739933	-0.722318	-0.69606	0.690175
3.916	-0.726685	-0.704445	0.752786	-0.714683	-0.703964	0.698031
3.927	-0.718334	-0.712393	0.765638	-0.706961	-0.711783	0.705815
3.938	-0.709841	-0.720248	0.77849	-0.699155	-0.719517	0.713528
3.949	-0.701207	-0.728009	0.791342	-0.691264	-0.727164	0.721169
3.96	-0.692432	-0.735674	0.804194	-0.683289	-0.734724	0.728738
3.971	-0.683515	-0.743242	0.817046	-0.675232	-0.742196	0.736236
3.982	-0.674457	-0.750711	0.829898	-0.667093	-0.749579	0.743663
3.993	-0.665257	-0.758079	0.84275	-0.658872	-0.756872	0.751018
4.004	-0.655916	-0.765346	0.855602	-0.65057	-0.764074	0.758301
4.015	-0.646434	-0.772509	0.868454	-0.642189	-0.771184	0.765513
4.026	-0.63681	-0.779567	0.881306	-0.633729	-0.778202	0.772654
4.037	-0.627045	-0.786518	0.894158	-0.625191	-0.785126	0.779723
4.048	-0.617139	-0.793361	0.90701	-0.616576	-0.791955	0.78672
4.059	-0.607114	-0.800095	0.912572	-0.607884	-0.79869	0.793639
4.07	-0.597074	-0.806718	0.912832	-0.599116	-0.805329	0.800447
4.081	-0.587032	-0.81323	0.913091	-0.590274	-0.81187	0.80714
4.092	-0.576986	-0.819632	0.913351	-0.581359	-0.818314	0.81372
4.103	-0.566938	-0.825924	0.913611	-0.572373	-0.82466	0.820185
4.114	-0.556887	-0.832105	0.913871	-0.563316	-0.830906	0.826535
4.125	-0.546833	-0.838175	0.914131	-0.554189	-0.837053	0.832772
4.136	-0.536776	-0.844135	0.914391	-0.544995	-0.843098	0.838894
4.147	-0.526716	-0.849985	0.914651	-0.535734	-0.849042	0.844901
4.158	-0.516654	-0.855723	0.91491	-0.526408	-0.854884	0.850794
4.169	-0.506588	-0.861351	0.91517	-0.517017	-0.860623	0.856573
4.18	-0.49652	-0.866868	0.91543	-0.507564	-0.866258	0.862238
4.191	-0.486449	-0.872274	0.91569	-0.498048	-0.871789	0.867788
4.202	-0.476375	-0.87757	0.91595	-0.488473	-0.877215	0.873224
4.213	-0.466298	-0.882755	0.91621	-0.478838	-0.882535	0.878546
4.224	-0.456218	-0.887828	0.91647	-0.469145	-0.887749	0.883753
4.235	-0.446136	-0.892791	0.91673	-0.459396	-0.892856	0.888846
4.246	-0.43605	-0.897643	0.916989	-0.449591	-0.897856	0.893824
4.257	-0.425962	-0.902384	0.917249	-0.439732	-0.902747	0.898689
4.268	-0.415871	-0.907015	0.917509	-0.42982	-0.90753	0.903438
4.279	-0.405777	-0.911534	0.917769	-0.419857	-0.912203	0.908074
4.29	-0.39568	-0.915942	0.918029	-0.409843	-0.916766	0.912595
4.301	-0.38558	-0.920239	0.918289	-0.39978	-0.921219	0.917002
4.312	-0.375477	-0.924424	0.918549	-0.389669	-0.925561	0.921294
4.323	-0.365372	-0.928499	0.918808	-0.379512	-0.929792	0.925472
4.334	-0.355264	-0.932463	0.919068	-0.369309	-0.933911	0.929536
4.345	-0.345152	-0.936315	0.919328	-0.359063	-0.937917	0.933486
4.356	-0.335038	-0.940056	0.919588	-0.348773	-0.94181	0.937321
4.367	-0.324921	-0.943686	0.919848	-0.338442	-0.94559	0.941041
4.378	-0.314802	-0.947204	0.920108	-0.328071	-0.949255	0.944648
4.389	-0.304679	-0.950611	0.920368	-0.31766	-0.952807	0.94814
4.4	-0.294554	-0.953907	0.920628	-0.307212	-0.956244	0.951518
4.411	-0.284425	-0.957091	0.920887	-0.296727	-0.959565	0.954781
4.422	-0.274294	-0.960164	0.921147	-0.286207	-0.962772	0.95793
4.433	-0.26416	-0.963126	0.921407	-0.275653	-0.965862	0.960965
4.444	-0.254023	-0.965976	0.921667	-0.265066	-0.968836	0.963885
4.455	-0.243883	-0.968714	0.921927	-0.254448	-0.971693	0.966691
4.466	-0.233741	-0.971341	0.922187	-0.2438	-0.974434	0.969383
4.477	-0.223595	-0.973857	0.922447	-0.233122	-0.977057	0.97196
4.488	-0.213447	-0.97626	0.922707	-0.222417	-0.979562	0.974423
4.499	-0.203296	-0.978553	0.922966	-0.211685	-0.98195	0.976772
4.51	-0.193142	-0.980733	0.923226	-0.200928	-0.984219	0.979006
4.521	-0.182985	-0.982802	0.923486	-0.190148	-0.98637	0.981126
4.532	-0.172825	-0.984759	0.923746	-0.179344	-0.988402	0.983132
4.543	-0.162662	-0.986604	0.924006	-0.168519	-0.990316	0.985023
4.554	-0.152497	-0.988337	0.924266	-0.157674	-0.99211	0.9868
4.565	-0.142328	-0.989959	0.924526	-0.14681	-0.993784	0.988462
4.576	-0.132157	-0.991468	0.924785	-0.135928	-0.995339	0.99001
4.587	-0.121983	-0.992866	0.925045	-0.12503	-0.996775	0.991444
4.598	-0.111806	-0.994152	0.925305	-0.114117	-0.99809	0.992764
4.609	-0.101626	-0.995326	0.925565	-0.10319	-0.999285	0.993969
4.62	-0.0914438	-0.996388	0.925825	-0.0922499	-1.00036	0.99506
4.631	-0.0812583	-0.997338	0.926085	-0.0812988	-1.00131	0.996036
4.642	-0.071064	-0.998175	0.927488	-0.0703375	-1.00215	0.996896
4.653	-0.0608535	-0.998901	0.928955	-0.0593675	-1.00286	0.997636
4.664	-0.0506269	-0.999514	0.930422	-0.04839	-1.00345	0.998255
4.675	-0.0403842	-1.00001	0.931889	-0.0374063	-1.00393	0.998755
4.686	-0.0301254	-1.0004	0.933356	-0.0264178	-1.00428	0.999134
4.697	-0.0198504	-1.00068	0.934823	-0.0154258	-1.00451	0.999394
4.708	-0.00955927	-1.00084	0.93629	-0.00443161	-1.00462	0.999533
4.719	0.00074799	-1.00089	0.937757	0.00656347	-1.00461	0.999552
4.73	0.0110714	-1.00082	0.939224	0.0175581	-1.00447	0.999452
4.741	0.0214109	-1.00064	0.940691	0.028551	-1.00422	0.999231
4.752	0.0317666	-1.00035	0.942158	0.0395407	-1.00384	0.99889
4.763	0.0421384	-0.999945	0.943625	0.0505261	-1.00335	0.99843
4.774	0.0525263	-0.999424	0.945092	0.0615058	-1.00273	0.997849
4.785	0.0629304	-0.998789	0.946559	0.0724784	-1.002	0.997148
4.796	0.0733506	-0.99804	0.948026	0.0834426	-1.00114	0.996327
4.807	0.083787	-0.997176	0.949493	0.0943971	-1.00016	0.995386
4.818	0.0942395	-0.996197	0.95096	0.105341	-0.999062	0.994326
4.829	0.104708	-0.995102	0.952427	0.116272	-0.997843	0.993145
4.84	0.115193	-0.993893	0.953894	0.127189	-0.996504	0.991844
4.851	0.125694	-0.992568	0.955361	0.138092	-0.995045	0.990423
4.862	0.136211	-0.991128	0.956828	0.148978	-0.993466	0.988882
4.873	0.146744	-0.989571	0.958295	0.159847	-0.991767	0.987221
4.884	0.157293	-0.987899	0.959761	0.170697	-0.989949	0.98544
4.895	0.167859	-0.986111	0.961228	0.181526	-0.988012	0.983538
4.906	0.17844	-0.984206	0.962695	0.192334	-0.985956	0.981517
4.917	0.189038	-0.982185	0.964162	0.203119	-0.983781	0.979376
4.928	0.199652	-0.980047	0.965629	0.21388	-0.981487	0.977115
4.939	0.210282	-0.977793	0.967096	0.224615	-0.979076	0.974734
4.95	0.220928	-0.975421	0.968563	0.235324	-0.976546	0.972232
4.961	0.23159	-0.972932	0.97003	0.246004	-0.973899	0.969611
4.972	0.242269	-0.970326	0.971497	0.256655	-0.971134	0.96687
4.983	0.252963	-0.967602	0.972964	0.267275	-0.968252	0.964008
4.994	0.263674	-0.964761	0.974431	0.277862	-0.965254	0.961027
5.005	0.274401	-0.961801	0.975898	0.288417	-0.962139	0.957925
5.016	0.285144	-0.958724	0.977365	0.298936	-0.958909	0.954704
5.027	0.295903	-0.955528	0.978832	0.30942	-0.955563	0.951362
5.038	0.306678	-0.952214	0.980299	0.319866	-0.952102	0.947901
5.049	0.317469	-0.948781	0.981766	0.330273	-0.948526	0.944319
5.06	0.328277	-0.94523	0.983233	0.34064	-0.944836	0.940618
5.071	0.3391	-0.941559	0.9847	0.350966	-0.941032	0.936796
5.082	0.34994	-0.937769	0.986167	0.361249	-0.937115	0.932855
5.093	0.360796	-0.93386	0.987634	0.371489	-0.933085	0.928793
5.104	0.371668	-0.929832	0.989101	0.381682	-0.928942	0.924611
5.115	0.382556	-0.925684	0.990568	0.39183	-0.924688	0.920309
5.126	0.393461	-0.921415	0.992035	0.401929	-0.920322	0.915888
5.137	0.404381	-0.917027	0.993502	0.411979	-0.915846	0.911346
5.148	0.415318	-0.912519	0.994969	0.421978	-0.911259	0.906684
5.159	0.42627	-0.90789	0.996436	0.431925	-0.906562	0.901902
5.17	0.437239	-0.903141	0.997903	0.441819	-0.901757	0.897
5.181	0.448224	-0.898271	0.99937	0.451659	-0.896843	0.891978
5.192	0.459225	-0.89328	1.00084	0.461442	-0.89182	0.886836
5.203	0.470243	-0.888168	1.0023	0.471169	-0.886691	0.881574
5.214	0.481269	-0.882935	0.999616	0.480837	-0.881455	0.876194
5.225	0.4922	-0.87758	0.987928	0.490445	-0.876113	0.870719
5.236	0.503003	-0.872107	0.97624	0.499992	-0.870665	0.865158
5.247	0.513678	-0.866515	0.964552	0.509478	-0.865113	0.85951
5.258	0.524223	-0.860806	0.952864	0.518901	-0.859457	0.853775
5.269	0.534641	-0.854982	0.941176	0.528261	-0.853698	0.847954
5.28	0.544929	-0.849045	0.929488	0.537556	-0.847836	0.842047
5.291	0.555089	-0.842994	0.9178	0.546785	-0.841872	0.836053
5.302	0.565121	-0.836833	0.906112	0.555949	-0.835807	0.829972
5.313	0.575024	-0.830562	0.894424	0.565044	-0.829641	0.823805
5.324	0.584798	-0.824183	0.882736	0.574072	-0.823376	0.817551
5.335	0.594444	-0.817697	0.871048	0.58303	-0.817012	0.811211
5.346	0.603961	-0.811106	0.85936	0.591918	-0.810549	0.804784
5.357	0.61335	-0.80441	0.847672	0.600735	-0.80399	0.79827
5.368	0.62261	-0.797613	0.835984	0.60948	-0.797334	0.79167
5.379	0.631742	-0.790713	0.824296	0.618152	-0.790581	0.784984
5.39	0.640745	-0.783715	0.812608	0.626749	-0.783734	0.778211
5.401	0.649619	-0.776618	0.80092	0.635272	-0.776793	0.771351
5.412	0.658365	-0.769424	0.789232	0.643719	-0.769759	0.764405
5.423	0.666982	-0.762134	0.777544	0.652088	-0.762632	0.757372
5.434	0.675471	-0.75475	0.765856	0.660381	-0.755413	0.750252
5.445	0.683831	-0.747274	0.754168	0.668594	-0.748104	0.743047
5.456	0.692062	-0.739707	0.74248	0.676727	-0.740704	0.735754
5.467	0.700165	-0.732049	0.730792	0.68478	-0.733216	0.728375
5.478	0.70814	-0.724303	0.719104	0.692751	-0.725639	0.720909
5.489	0.715986	-0.716471	0.707416	0.70064	-0.717976	0.713357
5.5	0.723703	-0.708552	0.695728	0.708445	-0.710226	0.705719
5.511	0.731292	-0.70055	0.68404	0.716165	-0.70239	0.697993
5.522	0.738752	-0.692464	0.672352	0.7238	-0.69447	0.690181
5.533	0.746084	-0.684298	0.660664	0.731349	-0.686467	0.682283
5.544	0.753287	-0.676051	0.648976	0.73881	-0.678381	0.674298
5.555	0.760361	-0.667726	0.637288	0.746183	-0.670213	0.666227
5.566	0.767307	-0.659323	0.6256	0.753467	-0.661965	0.658069
5.577	0.774124	-0.650845	0.613912	0.76066	-0.653638	0.649824
5.588	0.780813	-0.642293	0.602224	0.767763	-0.645231	0.641493
5.599	0.787373	-0.633668	0.590536	0.774773	-0.636747	0.633075
5.61	0.793805	-0.624971	0.578848	0.78169	-0.628186	0.624571
5.621	0.800108	-0.616205	0.56716	0.788513	-0.61955	0.61598
5.632	0.806282	-0.60737	0.555472	0.795241	-0.61084	0.607303
5.643	0.812328	-0.598467	0.543784	0.801873	-0.602055	0.598539
5.654	0.818246	-0.589499	0.532096	0.808409	-0.593199	0.589688
5.665	0.824034	-0.580466	0.520408	0.814846	-0.584271	0.580751
5.676	0.829694	-0.57137	0.50872	0.821185	-0.575272	0.571727
5.687	0.835226	-0.562213	0.497032	0.827424	-0.566205	0.562617
5.698	0.840629	-0.552996	0.485344	0.833562	-0.557069	0.55342
5.709	0.845904	-0.54372	0.473656	0.839599	-0.547867	0.544137
5.72	0.85105	-0.534387	0.461968	0.845533	-0.538599	0.534767
5.731	0.856067	-0.524997	0.45028	0.851363	-0.529266	0.525311
5.742	0.860956	-0.515554	0.438592	0.857089	-0.519869	0.515768
5.753	0.865716	-0.506057	0.426904	0.86271	-0.51041	0.506138
5.764	0.870348	-0.496508	0.415216	0.868224	-0.50089	0.496422
5.775	0.874851	-0.48691	0.403528	0.873631	-0.49131	0.486619
5.786	0.879225	-0.477262	0.39184	0.878929	-0.48167	0.47673
5.797	0.883483	-0.467567	0.383257	0.884119	-0.471973	0.466769
5.808	0.887659	-0.457826	0.376107	0.889198	-0.46222	0.45678
5.819	0.891757	-0.448039	0.368958	0.894168	-0.452412	0.446765
5.83	0.895776	-0.438207	0.361808	0.899027	-0.442549	0.436726
5.841	0.899717	-0.428332	0.354658	0.903776	-0.432633	0.426662
5.852	0.903579	-0.418414	0.347509	0.908413	-0.422666	0.416574
5.863	0.907362	-0.408454	0.340359	0.91294	-0.412649	0.40646
5.874	0.911067	-0.398452	0.333209	0.917356	-0.402582	0.396321
5.885	0.914693	-0.38841	0.32606	0.921659	-0.392467	0.386158
5.896	0.91824	-0.378329	0.31891	0.925851	-0.382306	0.375969
5.907	0.921709	-0.368209	0.311761	0.92993	-0.372099	0.365756
5.918	0.925099	-0.358052	0.304611	0.933897	-0.361848	0.355518
5.929	0.92841	-0.347858	0.297461	0.937752	-0.351554	0.345255
5.94	0.931643	-0.337627	0.290312	0.941493	-0.341218	0.334967
5.951	0.934797	-0.327362	0.283162	0.945121	-0.330841	0.324654
5.962	0.937873	-0.317062	0.276012	0.948635	-0.320425	0.314317
5.973	0.940869	-0.306729	0.268863	0.952036	-0.309972	0.303954
5.984	0.943788	-0.296363	0.261713	0.955322	-0.299481	0.293567
5.995	0.946627	-0.285966	0.254563	0.958494	-0.288955	0.283154
6.006	0.949388	-0.275538	0.247414	0.961551	-0.278395	0.272717
6.017	0.95207	-0.265079	0.240264	0.964494	-0.267801	0.262255
6.028	0.954674	-0.254592	0.233114	0.967321	-0.257176	0.251768
6.039	0.957199	-0.244077	0.225965	0.970033	-0.246521	0.241256
6.05	0.959645	-0.233534	0.218815	0.972629	-0.235836	0.23072
6.061	0.962013	-0.222965	0.211665	0.975108	-0.225123	0.220158
6.072	0.964302	-0.21237	0.204516	0.977472	-0.214384	0.209571
6.083	0.966512	-0.201751	0.197366	0.979719	-0.203619	0.19896
6.094	0.968644	-0.191107	0.190217	0.981849	-0.19283	0.188324
6.105	0.970697	-0.180441	0.183067	0.983862	-0.182019	0.177663
6.116	0.972671	-0.169752	0.175917	0.985757	-0.171186	0.166977
6.127	0.974567	-0.159042	0.168768	0.987535	-0.160333	0.156266
6.138	0.976384	-0.148312	0.161618	0.989195	-0.149461	0.14553
6.149	0.978123	-0.137562	0.154468	0.990737	-0.138571	0.134769
6.16	0.979782	-0.126794	0.147319	0.99216	-0.127665	0.123984
6.171	0.981364	-0.116007	0.140169	0.993464	-0.116744	0.113173
6.182	0.982866	-0.105204	0.133019	0.99465	-0.105809	0.102338
6.193	0.98429	-0.0943845	0.12587	0.995716	-0.0948619	0.0914775
6.204	0.985635	-0.0835498	0.11872	0.996662	-0.0839037	0.0805924
6.215	0.986902	-0.0727008	0.11157	0.997489	-0.0729358	0.0696824
6.226	0.98809	-0.0618383	0.104421	0.998195	-0.0619594	0.0587475
6.237	0.989199	-0.0509631	0.0972711	0.998781	-0.0509759	0.0477877
6.248	0.99023	-0.0400762	0.0901215	0.999246	-0.0399867	0.0368031
6.259	0.991182	-0.0291784	0.0829718	0.999591	-0.028993	0.0257936
6.27	0.992055	-0.0182705	0.0758222	0.999814	-0.0179961	0.0147591
6.281	0.99285	-0.00735343	0.0686725	0.999915	-0.00699752	0.00369985
6.292	0.993566	0.00357193	0.0615229	0.999895	0.00400155	-0.00738433
6.303	0.994203	0.0145047	0.0543732	0.999753	0.0149997	-0.0184934
6.314	0.994762	0.0254441	0.0472236	0.999488	0.0259957	-0.0296273
6.325	0.995242	0.0363892	0.0400739	0.999101	0.036988	-0.0407862
6.336	0.995644	0.0473392	0.0329243	0.998591	0.0479754	-0.0519699
6.347	0.995967	0.0582931	0.0257746	0.997957	0.0589566	-0.0631785
6.358	0.996211	0.0692501	0.018625	0.997201	0.06993	-0.074412
6.369	0.996376	0.0802094	0.0111061	0.99632	0.0808945	-0.0856702
6.38	0.996421	0.09117	-0.00305891	0.995316	0.0918486	-0.0969149
6.391	0.996309	0.10213	-0.0172239	0.994188	0.102791	-0.108115
6.402	0.996042	0.113088	-0.0313889	0.992938	0.11372	-0.11927
6.413	0.995618	0.124042	-0.045554	0.991564	0.124635	-0.13038
6.424	0.995039	0.134991	-0.059719	0.990069	0.135534	-0.141445
6.435	0.994305	0.145933	-0.073884	0.988453	0.146416	-0.152465
6.446	0.993414	0.156865	-0.088049	0.986715	0.15728	-0.16344
6.457	0.992368	0.167787	-0.102214	0.984857	0.168124	-0.17437
6.468	0.991165	0.178697	-0.116379	0.982879	0.178946	-0.185256
6.479	0.989807	0.189592	-0.130544	0.980782	0.189746	-0.196096
6.49	0.988293	0.200472	-0.144709	0.978565	0.200523	-0.206892
6.501	0.986624	0.211334	-0.158874	0.97623	0.211274	-0.217643
6.512	0.984798	0.222177	-0.173039	0.973777	0.222	-0.228349
6.523	0.982817	0.232999	-0.187204	0.971207	0.232697	-0.23901
6.534	0.98068	0.243799	-0.201369	0.968519	0.243366	-0.249626
6.545	0.978387	0.254574	-0.215534	0.965715	0.254004	-0.260197
6.556	0.975938	0.265323	-0.229699	0.962795	0.264611	-0.270723
6.567	0.973333	0.276044	-0.243864	0.95976	0.275185	-0.281204
6.578	0.970573	0.286735	-0.258029	0.956609	0.285725	-0.291641
6.589	0.967657	0.297396	-0.272194	0.953344	0.29623	-0.302032
6.6	0.964585	0.308023	-0.286359	0.949964	0.306698	-0.312379
6.611	0.961357	0.318616	-0.300524	0.946471	0.317129	-0.322681
6.622	0.957973	0.329172	-0.314689	0.942866	0.32752	-0.332937
6.633	0.954434	0.339691	-0.328854	0.939147	0.337872	-0.343149
6.644	0.950738	0.350169	-0.343019	0.935316	0.348181	-0.353316
6.655	0.946887	0.360606	-0.357184	0.931374	0.358448	-0.363438
6.666	0.94288	0.371	-0.371349	0.927321	0.368671	-0.373516
6.677	0.938717	0.381349	-0.385514	0.923157	0.378849	-0.383548
6.688	0.934399	0.391652	-0.399679	0.918883	0.38898	-0.393535
6.699	0.929924	0.401905	-0.413844	0.914499	0.399064	-0.403478
6.71	0.925294	0.412109	-0.428009	0.910007	0.409099	-0.413375
6.721	0.920508	0.422261	-0.442174	0.905405	0.419084	-0.423228
6.732	0.915566	0.43236	-0.456339	0.900696	0.429017	-0.433036
6.743	0.910469	0.442403	-0.470504	0.895879	0.438899	-0.442799
6.754	0.905215	0.45239	-0.48467	0.890954	0.448726	-0.452517
6.765	0.899806	0.462317	-0.498835	0.885923	0.458499	-0.46219
6.776	0.894241	0.472185	-0.513	0.880786	0.468216	-0.471818
6.787	0.88852	0.48199	-0.527165	0.875544	0.477876	-0.481401
6.798	0.882643	0.491732	-0.54133	0.870196	0.487478	-0.49094
6.809	0.876611	0.501408	-0.555495	0.864743	0.49702	-0.500433
6.82	0.870422	0.511017	-0.56966	0.859186	0.506502	-0.509882
6.831	0.864078	0.520556	-0.583825	0.853526	0.515922	-0.519285
6.842	0.857578	0.530026	-0.59799	0.847762	0.525279	-0.528644
6.853	0.850923	0.539423	-0.612155	0.841896	0.534572	-0.537958
6.864	0.844111	0.548745	-0.62632	0.835927	0.5438	-0.547227
6.875	0.837143	0.557993	-0.640485	0.829857	0.552962	-0.556451
6.886	0.83002	0.567162	-0.65465	0.823686	0.562057	-0.56563
6.897	0.822741	0.576252	-0.668815	0.817413	0.571083	-0.574764
6.908	0.815306	0.585262	-0.68298	0.811041	0.580039	-0.583854
6.919	0.807716	0.594189	-0.697145	0.804569	0.588925	-0.592898
6.93	0.799969	0.603031	-0.71131	0.797997	0.59774	-0.601897
6.941	0.792067	0.611787	-0.725475	0.791327	0.606481	-0.610852
6.952	0.78402	0.620456	-0.734804	0.784559	0.615148	-0.619757
6.963	0.775922	0.629036	-0.737484	0.777693	0.623741	-0.628571
6.974	0.767795	0.637526	-0.740163	0.770731	0.632257	-0.637285
6.985	0.759639	0.645927	-0.742843	0.763673	0.640697	-0.645899
6.996	0.751453	0.654238	-0.745523	0.756521	0.649058	-0.654413
7.007	0.743237	0.662459	-0.748203	0.749276	0.65734	-0.662826
7.018	0.734992	0.670589	-0.750882	0.741939	0.665541	-0.67114
7.029	0.726718	0.678629	-0.753562	0.734512	0.673662	-0.679354
7.04	0.718414	0.686577	-0.756242	0.726994	0.6817	-0.687467
7.051	0.71008	0.694434	-0.758922	0.719388	0.689656	-0.695481
7.062	0.701718	0.702198	-0.761601	0.711694	0.697527	-0.703395
7.073	0.693325	0.709871	-0.764281	0.703913	0.705313	-0.711208
7.084	0.684903	0.717452	-0.766961	0.696048	0.713012	-0.718921
7.095	0.676452	0.724939	-0.769641	0.688097	0.720625	-0.726535
7.106	0.667971	0.732333	-0.77232	0.680064	0.72815	-0.734048
7.117	0.659461	0.739634	-0.775	0.671949	0.735586	-0.741461
7.128	0.650921	0.746841	-0.77768	0.663752	0.742933	-0.748774
7.139	0.642352	0.753954	-0.78036	0.655476	0.750189	-0.755988
7.15	0.633753	0.760973	-0.783039	0.647121	0.757353	-0.763101
7.161	0.625125	0.767897	-0.785719	0.638688	0.764425	-0.770114
7.172	0.616468	0.774726	-0.788399	0.630179	0.771404	-0.777027
7.183	0.60778	0.781459	-0.791078	0.621594	0.778289	-0.78384
7.194	0.599064	0.788097	-0.793758	0.612935	0.785079	-0.790552
7.205	0.590318	0.794638	-0.796438	0.604202	0.791773	-0.797165
7.216	0.581542	0.801084	-0.799118	0.595397	0.798371	-0.803678
7.227	0.572737	0.807432	-0.801797	0.586522	0.804871	-0.810091
7.238	0.563903	0.813684	-0.804477	0.577576	0.811274	-0.816403
7.249	0.555039	0.819838	-0.807157	0.568561	0.817578	-0.822616
7.26	0.546145	0.825894	-0.809837	0.559479	0.823782	-0.828728
7.271	0.537222	0.831853	-0.812516	0.55033	0.829886	-0.834741
7.282	0.52827	0.837713	-0.815196	0.541115	0.835889	-0.840653
7.293	0.519288	0.843475	-0.817876	0.531836	0.84179	-0.846466
7.304	0.510277	0.849137	-0.820556	0.522493	0.847589	-0.852178
7.315	0.501236	0.854701	-0.823235	0.513088	0.853285	-0.85779
7.326	0.492165	0.860165	-0.825915	0.503622	0.858877	-0.863302
7.337	0.483066	0.865528	-0.828595	0.494096	0.864365	-0.868714
7.348	0.473936	0.870792	-0.831275	0.484511	0.869747	-0.874027
7.359	0.464778	0.875955	-0.833954	0.474867	0.875024	-0.879239
7.37	0.455589	0.881017	-0.836634	0.465168	0.880194	-0.884351
7.381	0.446372	0.885978	-0.839314	0.455412	0.885257	-0.889362
7.392	0.437124	0.890837	-0.841994	0.445602	0.890213	-0.894274
7.403	0.427848	0.895594	-0.844673	0.435738	0.89506	-0.899086
7.414	0.418542	0.900249	-0.847353	0.425822	0.899799	-0.903798
7.425	0.409206	0.904802	-0.850033	0.415855	0.904428	-0.90841
7.436	0.399841	0.909252	-0.852713	0.405838	0.908947	-0.912921
7.447	0.390446	0.913599	-0.855392	0.395771	0.913356	-0.917333
7.458	0.381022	0.917842	-0.858072	0.385657	0.917654	-0.921644
7.469	0.371569	0.921981	-0.860752	0.375496	0.921841	-0.925856
7.48	0.362086	0.926016	-0.863432	0.365288	0.925915	-0.929967
7.491	0.352573	0.929947	-0.866111	0.355037	0.929877	-0.933979
7.502	0.343031	0.933773	-0.868791	0.344741	0.933726	-0.93789
7.513	0.33346	0.937493	-0.871471	0.334403	0.937461	-0.941701
7.524	0.323859	0.941109	-0.87415	0.324024	0.941082	-0.945412
7.535	0.314223	0.944618	-0.878034	0.313605	0.944589	-0.949016
7.546	0.304542	0.948021	-0.882239	0.303146	0.947981	-0.952498
7.557	0.294814	0.951318	-0.886444	0.29265	0.951258	-0.955858
7.568	0.28504	0.954507	-0.89065	0.282118	0.95442	-0.959095
7.579	0.27522	0.957589	-0.894855	0.271551	0.957465	-0.962209
7.59	0.265353	0.960562	-0.89906	0.26095	0.960394	-0.965201
7.601	0.25544	0.963426	-0.903265	0.250317	0.963206	-0.96807
7.612	0.245481	0.966181	-0.90747	0.239653	0.9659	-0.970816
7.623	0.235476	0.968827	-0.911675	0.228959	0.968478	-0.97344
7.634	0.225425	0.971362	-0.91588	0.218237	0.970937	-0.975941
7.645	0.215327	0.973786	-0.920085	0.207489	0.973279	-0.97832
7.656	0.205183	0.976099	-0.92429	0.196715	0.975502	-0.980576
7.667	0.194992	0.9783	-0.928495	0.185917	0.977607	-0.982709
7.678	0.184756	0.980388	-0.9327	0.175096	0.979592	-0.98472
7.689	0.174473	0.982364	-0.936905	0.164253	0.981459	-0.986609
7.7	0.164144	0.984226	-0.94111	0.153391	0.983206	-0.988374
7.711	0.153769	0.985975	-0.945315	0.142509	0.984833	-0.990017
7.722	0.143347	0.987609	-0.94952	0.131611	0.986341	-0.991538
7.733	0.132879	0.989128	-0.953725	0.120696	0.987728	-0.992936
7.744	0.122365	0.990532	-0.95793	0.109767	0.988996	-0.994211
7.755	0.111805	0.99182	-0.962135	0.0988239	0.990143	-0.995364
7.766	0.101198	0.992992	-0.96634	0.0878691	0.99117	-0.996394
7.777	0.0905452	0.994047	-0.970545	0.0769037	0.992076	-0.997302
7.788	0.0798461	0.994984	-0.97475	0.0659289	0.992862	-0.998086
7.799	0.0691007	0.995803	-0.978955	0.0549462	0.993527	-0.998749
7.81	0.058309	0.996504	-0.98316	0.0439569	0.994071	-0.999289
7.821	0.0474712	0.997086	-0.987365	0.0329623	0.994494	-0.999706
7.832	0.036587	0.997548	-0.99157	0.0219638	0.994796	-1
7.843	0.0256566	0.99789	-0.995775	0.0109628	0.994977	-1.00017
7.854	0.01468	0.998112	-0.99998	-3.95208e-05	0.995037	-1.00022
7.865	0.00365704	0.998213	-1.00419	-0.0110417	0.994976	-1.00015
7.876	-0.00741213	0.998193	-1.00839	-0.0220423	0.994794	-0.999953
7.887	-0.0185276	0.99805	-1.0126	-0.0330402	0.994491	-0.999634
7.898	-0.0296892	0.997785	-1.0168	-0.0440338	0.994067	-0.999193
7.909	-0.0408972	0.997397	-1.02101	-0.055022	0.993523	-0.99863
7.92	-0.0521514	0.996885	-1.02521	-0.0660032	0.992857	-0.997943
7.931	-0.0634518	0.996249	-1.02942	-0.0769763	0.99207	-0.997135
7.942	-0.0747985	0.995489	-1.03362	-0.0879397	0.991163	-0.996203
7.953	-0.0861915	0.994603	-1.03783	-0.0988923	0.990136	-0.995149
7.964	-0.0976307	0.993592	-1.04203	-0.109833	0.988988	-0.993973
7.975	-0.109116	0.992455	-1.04624	-0.120759	0.98772	-0.992673
7.986	-0.120648	0.991192	-1.05044	-0.131671	0.986331	-0.991252
7.997	-0.132226	0.989801	-1.05465	-0.142566	0.984823	-0.989707
8.008	-0.14385	0.988282	-1.05885	-0.153444	0.983195	-0.98804
8.019	-0.155521	0.986636	-1.06306	-0.164303	0.981447	-0.986251
8.03	-0.167237	0.984861	-1.06726	-0.175141	0.97958	-0.984339
8.041	-0.179	0.982957	-1.07147	-0.185958	0.977594	-0.982304
8.052	-0.19081	0.980923	-1.07567	-0.196751	0.975489	-0.980147
8.063	-0.202665	0.978759	-1.07988	-0.207521	0.973266	-0.977867
8.074	-0.214567	0.976464	-1.08408	-0.218264	0.970924	-0.975464
8.085	-0.226515	0.974038	-1.08829	-0.22898	0.968464	-0.972939
8.096	-0.238509	0.97148	-1.09249	-0.239668	0.965886	-0.970291
8.107	-0.250548	0.968791	-1.09453	-0.250326	0.963191	-0.967521
8.118	-0.262535	0.965969	-1.085	-0.260953	0.960379	-0.96464
8.129	-0.274418	0.963015	-1.07548	-0.271548	0.957451	-0.961653
8.14	-0.286196	0.959932	-1.06596	-0.282109	0.954405	-0.958561
8.151	-0.297869	0.956719	-1.05643	-0.292636	0.951244	-0.955364
8.162	-0.309437	0.953379	-1.04691	-0.303127	0.947968	-0.952062
8.173	-0.320901	0.949912	-1.03738	-0.313581	0.944576	-0.948655
8.184	-0.33226	0.94632	-1.02786	-0.323997	0.941069	-0.945142
8.195	-0.343514	0.942603	-1.01834	-0.334374	0.937448	-0.941524
8.206	-0.354663	0.938763	-1.00881	-0.34471	0.933713	-0.937801
8.217	-0.365708	0.934801	-0.999287	-0.355005	0.929864	-0.933973
8.228	-0.376647	0.930717	-0.989763	-0.365257	0.925903	-0.93004
8.239	-0.387482	0.926515	-0.980239	-0.375465	0.921829	-0.926001
8.25	-0.398213	0.922193	-0.970715	-0.385629	0.917643	-0.921858
8.261	-0.408838	0.917754	-0.961191	-0.395746	0.913345	-0.917609
8.272	-0.419359	0.913199	-0.951666	-0.405816	0.908937	-0.913255
8.283	-0.429775	0.908529	-0.942142	-0.415837	0.904417	-0.908795
8.294	-0.440086	0.903745	-0.932618	-0.425809	0.899788	-0.904231
8.305	-0.450292	0.898847	-0.923094	-0.43573	0.89505	-0.899561
8.316	-0.460394	0.893838	-0.91357	-0.445599	0.890202	-0.894787
8.327	-0.470391	0.888719	-0.904046	-0.455415	0.885247	-0.889907
8.338	-0.480283	0.88349	-0.894522	-0.465176	0.880184	-0.884921
8.349	-0.49007	0.878153	-0.884997	-0.474883	0.875013	-0.879831
8.36	-0.499753	0.872709	-0.875473	-0.484532	0.869736	-0.874635
8.371	-0.509331	0.867159	-0.865949	-0.494124	0.864354	-0.869335
8.382	-0.518804	0.861504	-0.856425	-0.503657	0.858866	-0.863929
8.393	-0.528172	0.855746	-0.846901	-0.51313	0.853273	-0.858418
8.404	-0.537436	0.849885	-0.837377	-0.522542	0.847577	-0.852801
8.415	-0.546594	0.843923	-0.827853	-0.531891	0.841778	-0.84708
8.426	-0.555648	0.83786	-0.818328	-0.541177	0.835876	-0.841253
8.437	-0.564598	0.831699	-0.808804	-0.550399	0.829872	-0.835321
8.448	-0.573442	0.825439	-0.79928	-0.559554	0.823767	-0.829284
8.459	-0.582182	0.819083	-0.789756	-0.568642	0.817562	-0.823142
8.47	-0.590817	0.812632	-0.780232	-0.577663	0.811257	-0.816894
8.481	-0.599347	0.806086	-0.770708	-0.586614	0.804854	-0.810542
8.492	-0.607772	0.799446	-0.761184	-0.595494	0.798352	-0.804084
8.503	-0.616093	0.792715	-0.751659	-0.604303	0.791753	-0.797521
8.514	-0.624309	0.785893	-0.742135	-0.613039	0.785058	-0.790853
8.525	-0.63242	0.778981	-0.732611	-0.621702	0.778267	-0.784079
8.536	-0.640426	0.77198	-0.723087	-0.630289	0.771381	-0.777201
8.547	-0.648328	0.764892	-0.713563	-0.6388	0.764401	-0.770217
8.558	-0.656125	0.757717	-0.704039	-0.647233	0.757327	-0.763128
8.569	-0.663817	0.750457	-0.694515	-0.655588	0.750162	-0.755934
8.58	-0.671404	0.743114	-0.68499	-0.663863	0.742905	-0.748635
8.591	-0.678887	0.735687	-0.675466	-0.672058	0.735557	-0.74123
8.602	-0.686264	0.728178	-0.665942	-0.68017	0.72812	-0.73372
8.613	-0.693537	0.720589	-0.656418	-0.688199	0.720594	-0.726106
8.624	-0.700705	0.712921	-0.646894	-0.696144	0.71298	-0.718386
8.635	-0.707769	0.705174	-0.63737	-0.704003	0.705279	-0.71056
8.646	-0.714728	0.69735	-0.627846	-0.711776	0.697492	-0.70263
8.657	-0.721582	0.689451	-0.618321	-0.719461	0.68962	-0.694594
8.668	-0.728331	0.681476	-0.608797	-0.727057	0.681664	-0.686453
8.679	-0.734975	0.673428	-0.599273	-0.734562	0.673625	-0.678207
8.69	-0.74152	0.665307	-0.591464	-0.741977	0.665504	-0.669863
8.701	-0.747991	0.657115	-0.585199	-0.749299	0.657302	-0.66146
8.712	-0.754394	0.648851	-0.578934	-0.756529	0.64902	-0.653003
8.723	-0.760728	0.640518	-0.572669	-0.763665	0.640659	-0.644493
8.734	-0.766993	0.632116	-0.566403	-0.770707	0.632219	-0.635929
8.745	-0.773189	0.623645	-0.560138	-0.777655	0.623703	-0.627312
8.756	-0.779316	0.615106	-0.553873	-0.784508	0.615111	-0.618642
8.767	-0.785374	0.6065	-0.547608	-0.791265	0.606445	-0.609918
8.778	-0.791363	0.597828	-0.541342	-0.797926	0.597704	-0.60114
8.789	-0.797283	0.58909	-0.535077	-0.80449	0.588891	-0.592309
8.8	-0.803135	0.580288	-0.528812	-0.810957	0.580006	-0.583425
8.811	-0.808917	0.571421	-0.522547	-0.817325	0.57105	-0.574487
8.822	-0.814631	0.562492	-0.516281	-0.823595	0.562025	-0.565495
8.833	-0.820275	0.5535	-0.510016	-0.829766	0.552931	-0.556451
8.844	-0.825851	0.544446	-0.503751	-0.835837	0.54377	-0.547352
8.855	-0.831358	0.535331	-0.497486	-0.841807	0.534543	-0.538201
8.866	-0.836796	0.526156	-0.491221	-0.847677	0.525251	-0.528995
8.877	-0.842165	0.516922	-0.484955	-0.853445	0.515895	-0.519737
8.888	-0.847465	0.507629	-0.47869	-0.859111	0.506475	-0.510425
8.899	-0.852696	0.498278	-0.472425	-0.864674	0.496995	-0.501059
8.91	-0.857858	0.48887	-0.46616	-0.870134	0.487453	-0.49164
8.921	-0.862952	0.479405	-0.459894	-0.87549	0.477852	-0.482167
8.932	-0.867976	0.469885	-0.453629	-0.880742	0.468193	-0.472641
8.943	-0.872931	0.46031	-0.447364	-0.885888	0.458476	-0.463062
8.954	-0.877818	0.450681	-0.441099	-0.890929	0.448703	-0.453429
8.965	-0.882636	0.440999	-0.434833	-0.895863	0.438876	-0.443743
8.976	-0.887384	0.431263	-0.428568	-0.900691	0.428995	-0.434003
8.987	-0.892064	0.421476	-0.422303	-0.905411	0.419061	-0.42421
8.998	-0.896675	0.411638	-0.416038	-0.910023	0.409076	-0.414363
9.009	-0.901217	0.40175	-0.409772	-0.914527	0.399041	-0.404463
9.02	-0.90569	0.391812	-0.403507	-0.918921	0.388957	-0.394509
9.031	-0.910094	0.381825	-0.397242	-0.923206	0.378825	-0.384502
9.042	-0.914429	0.37179	-0.390977	-0.92738	0.368647	-0.374441
9.053	-0.918696	0.361708	-0.384712	-0.931443	0.358423	-0.364327
9.064	-0.922893	0.351579	-0.378446	-0.935395	0.348156	-0.35416
9.075	-0.927021	0.341404	-0.372181	-0.939235	0.337845	-0.343939
9.086	-0.931081	0.331185	-0.365916	-0.942962	0.327493	-0.333664
9.097	-0.935072	0.320921	-0.359651	-0.946575	0.3171	-0.323336
9.108	-0.938993	0.310613	-0.353385	-0.950075	0.306669	-0.312955
9.119	-0.942846	0.300263	-0.34712	-0.95346	0.296199	-0.30252
9.13	-0.94663	0.289871	-0.340855	-0.95673	0.285693	-0.292032
9.141	-0.950345	0.279437	-0.33459	-0.959884	0.275151	-0.28149
9.152	-0.953991	0.268964	-0.328324	-0.962923	0.264576	-0.270895
9.163	-0.957568	0.25845	-0.322059	-0.965844	0.253967	-0.260246
9.174	-0.961076	0.247897	-0.315794	-0.968648	0.243328	-0.249544
9.185	-0.964515	0.237307	-0.309529	-0.971334	0.232658	-0.238788
9.196	-0.967886	0.226678	-0.303263	-0.973901	0.221959	-0.227979
9.207	-0.971187	0.216013	-0.296998	-0.976349	0.211232	-0.217117
9.218	-0.97442	0.205312	-0.290733	-0.978677	0.20048	-0.206201
9.229	-0.977583	0.194576	-0.284468	-0.980885	0.189702	-0.195231
9.24	-0.980678	0.183806	-0.278203	-0.982972	0.1789	-0.184208
9.251	-0.983704	0.173002	-0.271937	-0.984938	0.168077	-0.173132
9.262	-0.986661	0.162165	-0.265672	-0.986781	0.157232	-0.162002
9.273	-0.989511	0.151295	-0.251727	-0.988502	0.146368	-0.150846
9.284	-0.992198	0.140396	-0.236879	-0.9901	0.135486	-0.139706
9.295	-0.994722	0.129468	-0.222031	-0.991575	0.124586	-0.128581
9.306	-0.997083	0.118513	-0.207182	-0.992928	0.113671	-0.117472
9.317	-0.99928	0.107533	-0.192334	-0.99416	0.102742	-0.106378
9.328	-1.00131	0.0965291	-0.177486	-0.995269	0.0918004	-0.0952996
9.339	-1.00318	0.0855042	-0.162637	-0.996256	0.0808469	-0.0842369
9.35	-1.00489	0.0744596	-0.147789	-0.997122	0.0698832	-0.0731897
9.361	-1.00644	0.0633972	-0.132941	-0.997867	0.0589107	-0.0621581
9.372	-1.00782	0.0523186	-0.118093	-0.99849	0.0479306	-0.0511421
9.383	-1.00903	0.0412258	-0.103244	-0.998992	0.0369444	-0.0401416
9.394	-1.01009	0.0301205	-0.0883959	-0.999373	0.0259532	-0.0291566
9.405	-1.01098	0.0190045	-0.0735476	-0.999633	0.0149586	-0.0181873
9.416	-1.01171	0.00787954	-0.0586993	-0.999773	0.00396176	-0.00723344
9.427	-1.01227	-0.00325249	-0.043851	-0.999792	-0.00703596	0.00370482
9.438	-1.01267	-0.0143898	-0.0290027	-0.999692	-0.0180332	0.0146275
9.449	-1.01291	-0.0255306	-0.0141544	-0.999471	-0.0290287	0.0255347
9.46	-1.01298	-0.0366732	0.000693933	-0.99913	-0.0400211	0.0364263
9.471	-1.01289	-0.0478157	0.0155422	-0.998669	-0.0510092	0.0473023
9.482	-1.01264	-0.0589562	0.0303905	-0.998089	-0.0619914	0.0581628
9.493	-1.01222	-0.0700932	0.0452389	-0.99739	-0.0729667	0.0690077
9.504	-1.01165	-0.0812246	0.0600872	-0.996571	-0.0839336	0.0798371
9.515	-1.0109	-0.0923488	0.0749355	-0.995633	-0.0948908	0.0906509
9.526	-1.01	-0.103464	0.0897838	-0.994577	-0.105837	0.101449
9.537	-1.00893	-0.114568	0.104632	-0.993402	-0.116771	0.112232
9.548	-1.00769	-0.12566	0.11948	-0.992108	-0.127691	0.122999
9.559	-1.0063	-0.136737	0.134329	-0.990696	-0.138597	0.133751
9.57	-1.00474	-0.147798	0.149177	-0.989165	-0.149486	0.144487
9.581	-1.00302	-0.15884	0.164025	-0.987517	-0.160358	0.155207
9.592	-1.00113	-0.169863	0.178874	-0.985751	-0.171211	0.165912
9.603	-0.999082	-0.180865	0.193722	-0.983867	-0.182044	0.176601
9.614	-0.996869	-0.191843	0.20857	-0.981866	-0.192856	0.187275
9.625	-0.994493	-0.202795	0.223419	-0.979747	-0.203645	0.197933
9.636	-0.991954	-0.213721	0.238267	-0.977511	-0.21441	0.208576
9.647	-0.989251	-0.224618	0.253115	-0.975158	-0.22515	0.219203
9.658	-0.986385	-0.235484	0.267963	-0.972689	-0.235863	0.229815
9.669	-0.983356	-0.246317	0.282812	-0.970103	-0.246548	0.240411
9.68	-0.980163	-0.257117	0.29766	-0.9674	-0.257205	0.250991
9.691	-0.976808	-0.26788	0.312508	-0.964581	-0.267831	0.261556
9.702	-0.973288	-0.278606	0.327357	-0.961646	-0.278425	0.272105
9.713	-0.969606	-0.289292	0.342205	-0.958595	-0.288987	0.282639
9.724	-0.96576	-0.299937	0.357053	-0.955428	-0.299514	0.293157
9.735	-0.961751	-0.310538	0.371902	-0.952145	-0.310006	0.30366
9.746	-0.957578	-0.321095	0.38675	-0.948747	-0.320461	0.314147
9.757	-0.953242	-0.331604	0.401598	-0.945234	-0.330878	0.324619
9.768	-0.948743	-0.342066	0.416446	-0.941606	-0.341255	0.335075
9.779	-0.94408	-0.352476	0.431295	-0.937862	-0.351593	0.345515
9.79	-0.939254	-0.362835	0.446143	-0.934004	-0.361888	0.35594
9.801	-0.934265	-0.373139	0.460991	-0.930032	-0.37214	0.36635
9.812	-0.929112	-0.383388	0.47584	-0.925945	-0.382348	0.376743
9.823	-0.923797	-0.393579	0.490688	-0.921743	-0.392511	0.387122
9.834	-0.918317	-0.403711	0.505536	-0.917428	-0.402626	0.397484
9.845	-0.912679	-0.413781	0.517716	-0.912999	-0.412694	0.407829
9.856	-0.906958	-0.42379	0.522424	-0.908456	-0.422712	0.418111
9.867	-0.901185	-0.433734	0.527132	-0.903801	-0.432679	0.428314
9.878	-0.895361	-0.443615	0.53184	-0.899034	-0.442595	0.438436
9.889	-0.889485	-0.453432	0.536548	-0.894155	-0.452458	0.448479
9.9	-0.883557	-0.463184	0.541256	-0.889167	-0.462266	0.458441
9.911	-0.877577	-0.47287	0.545964	-0.88407	-0.472019	0.468323
9.922	-0.871546	-0.48249	0.550672	-0.878864	-0.481715	0.478126
9.933	-0.865462	-0.492044	0.55538	-0.873552	-0.491353	0.487848
9.944	-0.859327	-0.50153	0.560088	-0.868132	-0.500933	0.497491
9.955	-0.85314	-0.510949	0.564797	-0.862607	-0.510452	0.507053
9.966	-0.846902	-0.520299	0.569505	-0.856977	-0.51991	0.516535
9.977	-0.840611	-0.529581	0.574213	-0.851244	-0.529305	0.525938
9.988	-0.834269	-0.538793	0.578921	-0.845407	-0.538637	0.53526
9.999	-0.827875	-0.547934	0.583629	-0.839468	-0.547904	0.544503
10.01	-0.821429	-0.557006	0.588337	-0.833428	-0.557105	0.553665
10.021	-0.814932	-0.566006	0.593045	-0.827288	-0.566239	0.562748
10.032	-0.808382	-0.574934	0.597753	-0.821048	-0.575305	0.57175
10.043	-0.801781	-0.58379	0.602461	-0.81471	-0.584301	0.580673
10.054	-0.795128	-0.592573	0.607169	-0.808273	-0.593228	0.589515
10.065	-0.788423	-0.601282	0.611877	-0.801741	-0.602083	0.598277
10.076	-0.781667	-0.609918	0.616585	-0.795112	-0.610866	0.60696
10.087	-0.774859	-0.618479	0.621293	-0.788388	-0.619575	0.615562
10.098	-0.767998	-0.626965	0.626001	-0.78157	-0.62821	0.624085
10.109	-0.761087	-0.635375	0.630709	-0.774658	-0.636769	0.632527
10.12	-0.754123	-0.643708	0.635417	-0.767654	-0.645252	0.64089
10.131	-0.747107	-0.651965	0.640125	-0.760559	-0.653657	0.649172
10.142	-0.74004	-0.660145	0.644833	-0.753373	-0.661984	0.657375
10.153	-0.732921	-0.668246	0.649541	-0.746097	-0.670231	0.665497
10.164	-0.72575	-0.676269	0.654249	-0.738732	-0.678398	0.67354
10.175	-0.718528	-0.684212	0.658957	-0.731279	-0.686483	0.681502
10.186	-0.711253	-0.692076	0.663665	-0.723739	-0.694486	0.689385
10.197	-0.703927	-0.69986	0.668373	-0.716113	-0.702405	0.697187
10.208	-0.696549	-0.707562	0.673081	-0.708402	-0.71024	0.70491
10.219	-0.689119	-0.715184	0.677789	-0.700605	-0.71799	0.712552
10.23	-0.681638	-0.722723	0.682497	-0.692726	-0.725653	0.720115
10.241	-0.674104	-0.730179	0.687205	-0.684763	-0.733229	0.727597
10.252	-0.666519	-0.737553	0.691913	-0.676719	-0.740717	0.735
10.263	-0.658882	-0.744843	0.696622	-0.668593	-0.748117	0.742322
10.274	-0.651193	-0.752048	0.70133	-0.660388	-0.755426	0.749565
10.285	-0.643453	-0.759169	0.706038	-0.652103	-0.762645	0.756727
10.296	-0.635661	-0.766204	0.710746	-0.64374	-0.769772	0.76381
10.307	-0.627816	-0.773153	0.715454	-0.6353	-0.776807	0.770813
10.318	-0.619921	-0.780016	0.720162	-0.626783	-0.783748	0.777735
10.329	-0.611973	-0.786791	0.72487	-0.61819	-0.790596	0.784578
10.34	-0.603973	-0.793479	0.729578	-0.609522	-0.797348	0.79134
10.351	-0.595922	-0.800078	0.734286	-0.600781	-0.804005	0.798023
10.362	-0.587819	-0.806589	0.738994	-0.591966	-0.810565	0.804625
10.373	-0.579664	-0.81301	0.743702	-0.583079	-0.817028	0.811148
10.384	-0.571458	-0.819341	0.74841	-0.574121	-0.823393	0.817591
10.395	-0.563199	-0.825582	0.753118	-0.565093	-0.829658	0.823953
10.406	-0.554889	-0.831732	0.757826	-0.555994	-0.835825	0.830236
10.417	-0.546527	-0.837789	0.762534	-0.546828	-0.84189	0.836438
10.428	-0.538108	-0.843755	0.768637	-0.537593	-0.847854	0.842554
10.439	-0.529615	-0.849627	0.775555	-0.528292	-0.853717	0.848555
10.45	-0.521046	-0.855406	0.782472	-0.518925	-0.859477	0.85444
10.461	-0.512401	-0.86109	0.789389	-0.509495	-0.865133	0.860208
10.472	-0.50368	-0.866679	0.796306	-0.500001	-0.870685	0.865859
10.483	-0.494882	-0.872171	0.803224	-0.490446	-0.876133	0.871395
10.494	-0.486009	-0.877566	0.810141	-0.480831	-0.881475	0.876813
10.505	-0.477059	-0.882863	0.817058	-0.471157	-0.886711	0.882115
10.516	-0.468034	-0.888061	0.823976	-0.461425	-0.89184	0.887301
10.527	-0.458932	-0.893159	0.830893	-0.451637	-0.896862	0.89237
10.538	-0.449754	-0.898157	0.83781	-0.441793	-0.901776	0.897322
10.549	-0.4405	-0.903054	0.844727	-0.431896	-0.906581	0.902158
10.56	-0.43117	-0.907848	0.851645	-0.421946	-0.911277	0.906878
10.571	-0.421764	-0.912539	0.858562	-0.411945	-0.915864	0.911481
10.582	-0.412282	-0.917126	0.865479	-0.401894	-0.92034	0.915967
10.593	-0.402723	-0.921609	0.872396	-0.391794	-0.924705	0.920337
10.604	-0.393089	-0.925986	0.879314	-0.381647	-0.928959	0.92459
10.615	-0.383378	-0.930257	0.886231	-0.371454	-0.933101	0.928727
10.626	-0.373592	-0.93442	0.893148	-0.361215	-0.937131	0.932747
10.637	-0.363729	-0.938475	0.900065	-0.350934	-0.941048	0.936651
10.648	-0.35379	-0.942422	0.906983	-0.340609	-0.944852	0.940438
10.659	-0.343775	-0.946258	0.9139	-0.330244	-0.948541	0.944109
10.67	-0.333684	-0.949985	0.920817	-0.31984	-0.952117	0.947663
10.681	-0.323517	-0.953599	0.927735	-0.309396	-0.955578	0.951101
10.692	-0.313274	-0.957102	0.934652	-0.298916	-0.958923	0.954422
10.703	-0.302955	-0.960491	0.941569	-0.288399	-0.962154	0.957626
10.714	-0.29256	-0.963766	0.948486	-0.277848	-0.965268	0.960714
10.725	-0.282088	-0.966927	0.955404	-0.267264	-0.968266	0.963686
10.736	-0.271541	-0.969972	0.962321	-0.256648	-0.971148	0.966541
10.747	-0.260917	-0.972901	0.969238	-0.246001	-0.973912	0.969279
10.758	-0.250218	-0.975712	0.976155	-0.235324	-0.97656	0.971901
10.769	-0.239442	-0.978405	0.983073	-0.224619	-0.979089	0.974407
10.78	-0.22859	-0.980979	0.98999	-0.213887	-0.981501	0.976795
10.791	-0.217662	-0.983434	0.996907	-0.20313	-0.983795	0.979068
10.802	-0.206658	-0.985768	1.00382	-0.192348	-0.98597	0.981223
10.813	-0.195578	-0.98798	1.01074	-0.181544	-0.988026	0.983263
10.824	-0.184422	-0.99007	1.01766	-0.170717	-0.989964	0.985185
10.835	-0.17319	-0.992037	1.02458	-0.15987	-0.991782	0.986992
10.846	-0.161881	-0.99388	1.03149	-0.149004	-0.993481	0.988681
10.857	-0.150497	-0.995598	1.03841	-0.138119	-0.99506	0.990255
10.868	-0.139036	-0.997191	1.04533	-0.127218	-0.996519	0.991711
10.879	-0.127499	-0.998657	1.05225	-0.116302	-0.997859	0.993051
10.89	-0.115887	-0.999995	1.05916	-0.105372	-0.999078	0.994275
10.901	-0.104198	-1.00121	1.06608	-0.0944286	-1.00018	0.995382
10.912	-0.0924329	-1.00229	1.073	-0.0834738	-1.00116	0.996372
10.923	-0.0805919	-1.00324	1.07991	-0.0725088	-1.00201	0.997246
10.934	-0.0686748	-1.00406	1.08683	-0.0615348	-1.00275	0.998004
10.945	-0.0566816	-1.00475	1.09375	-0.0505532	-1.00337	0.998645
10.956	-0.0446123	-1.00531	1.10067	-0.0395651	-1.00386	0.999169
10.967	-0.032467	-1.00573	1.10758	-0.0285719	-1.00424	0.999577
10.978	-0.0202455	-1.00602	1.1145	-0.0175748	-1.00449	0.999868
10.989	-0.00794794	-1.00618	1.12142	-0.0065752	-1.00462	1.00004
11	0.0044257	-1.0062	1.12834	0.0044257	-1.00464	1.0001
