1000	0.0207043	0.0207043
1100	0.00511296	0.00511296
1200	0.00870472	0.00870472
1300	0.0188348	0.0188348
1400	0.0114085	0.0114085
1500	0.0363052	0.0363052
1600	0.0298421	0.0298421
1700	0.0223156	0.0223156
1800	0.013459	0.013459
1900	0.00104361	0.00104361
2000	0.0129021	0.0129021
2100	0.000683008	0.000683008
2200	0.0011733	0.0011733
2300	0.0036024	0.0036024
2400	0.00534735	0.00534735
2500	0.0499634	0.0499634
2600	0.0451286	0.0451286
2700	0.0473172	0.0473172
2800	0.0340002	0.0340002
2900	0.0358986	0.0358986
3000	0.0381909	0.0381909
3100	0.0369582	0.0369582
3200	0.0522124	0.0522124
3300	0.0517087	0.0517087
3400	0.049	0.049
3500	0.0334762	0.0334762
3600	0.031094	0.031094
3700	0.0219274	0.0219274
3800	0.0221119	0.0221119
3900	0.0278285	0.0278285
4000	0.0395161	0.0395161
4100	0.0397084	0.0397084
4200	0.0304139	0.0304139
4300	0.0256916	0.0256916
4400	0.0302529	0.0302529
4500	0.0273464	0.0273464
4600	0.0203626	0.0203626
4700	0.0166504	0.0166504
4800	0.0166031	0.0166031
4900	0.0214852	0.0214852
5000	0.018628	0.018628
5100	0.0289464	0.0289464
5200	0.0246527	0.0246527
5300	0.0235322	0.0235322
5400	0.0240004	0.0240004
5500	0.0236184	0.0236184
5600	0.0366197	0.0366197
5700	0.0353719	0.0353719
5800	0.0333484	0.0333484
5900	0.0304058	0.0304058
6000	0.0262429	0.0262429
6100	0.0288726	0.0288726
6200	0.0273763	0.0273763
6300	0.0324016	0.0324016
6400	0.0146442	0.0146442
6500	0.0111181	0.0111181
6600	0.0115219	0.0115219
6700	0.00934642	0.00934642
6800	0.0114151	0.0114151
6900	0.00869354	0.00869354
7000	0.00770772	0.00770772
7100	0.00987195	0.00987195
7200	0.00927952	0.00927952
7300	0.0316735	0.0316735
7400	0.030477	0.030477
7500	0.00402739	0.00402739
7600	0.0150892	0.0150892
7700	0.0133611	0.0133611
7800	0.0254129	0.0254129
7900	0.0258055	0.0258055
8000	0.02404	0.02404
8100	0.0180076	0.0180076
8200	0.0213013	0.0213013
8300	0.0210339	0.0210339
8400	0.0235455	0.0235455
8500	0.0225348	0.0225348
8600	0.0215771	0.0215771
8700	0.0212255	0.0212255
8800	0.00831676	0.00831676
8900	0.0106319	0.0106319
9000	0.00925993	0.00925993
9100	0.0135216	0.0135216
9200	0.0123975	0.0123975
9300	0.0140671	0.0140671
9400	0.014842	0.014842
9500	0.0128135	0.0128135
9600	0.0143768	0.0143768
9700	0.0135542	0.0135542
9800	0.00978401	0.00978401
9900	0.0106418	0.0106418
10000	0.00477951	0.00477951
10100	0.00773352	0.00773352
10200	0.00617281	0.00617281
10300	0.00518098	0.00518098
10400	0.00463118	0.00463118
10500	0.000194399	0.000194399
10600	0.000474384	0.000474384
10700	0.00203532	0.00203532
10800	0.00780943	0.00780943
10900	0.0125126	0.0125126
11000	0.0109943	0.0109943
11100	0.011912	0.011912
11200	0.0102968	0.0102968
11300	0.0021418	0.0021418
11400	0.00188262	0.00188262
11500	0.0032614	0.0032614
11600	0.00307918	0.00307918
11700	0.00196982	0.00196982
11800	0.0107347	0.0107347
11900	0.00920626	0.00920626
12000	0.0108679	0.0108679
12100	0.00993662	0.00993662
12200	0.0080882	0.0080882
12300	0.00827947	0.00827947
12400	0.00387299	0.00387299
12500	0.00577425	0.00577425
12600	0.0034093	0.0034093
12700	0.00503333	0.00503333
12800	0.00400535	0.00400535
12900	0.00168445	0.00168445
13000	0.00188415	0.00188415
13100	0.00128233	0.00128233
13200	0.00494098	0.00494098
13300	0.00469152	0.00469152
13400	0.00338767	0.00338767
13500	0.0030185	0.0030185
13600	0.00232455	0.00232455
13700	0.00103469	0.00103469
13800	0.00137819	0.00137819
13900	0.00116215	0.00116215
14000	0.00159942	0.00159942
14100	0.000803875	0.000803875
14200	0.00264795	0.00264795
14300	0.00478804	0.00478804
14400	0.00511579	0.00511579
14500	0.00789794	0.00789794
14600	0.00332991	0.00332991
14700	0.00708174	0.00708174
14800	0.00760857	0.00760857
14900	0.00546459	0.00546459
15000	0.00941215	0.00941215
15100	0.00720283	0.00720283
15200	0.00690175	0.00690175
15300	0.00628613	0.00628613
15400	0.00552195	0.00552195
15500	0.00567351	0.00567351
15600	0.00657341	0.00657341
15700	0.00735638	0.00735638
15800	0.00620863	0.00620863
15900	0.00662675	0.00662675
16000	0.00656506	0.00656506
16100	0.00638653	0.00638653
16200	0.00468358	0.00468358
16300	0.00284671	0.00284671
16400	0.00265689	0.00265689
16500	0.00156058	0.00156058
16600	0.00128686	0.00128686
16700	0.0010558	0.0010558
16800	0.00171137	0.00171137
16900	0.00153264	0.00153264
17000	0.00162013	0.00162013
17100	0.00205378	0.00205378
17200	0.0030708	0.0030708
17300	0.00200401	0.00200401
17400	0.00290984	0.00290984
17500	0.00192104	0.00192104
17600	0.000174404	0.000174404
17700	0.000358239	0.000358239
17800	0.00500053	0.00500053
17900	0.0040003	0.0040003
18000	0.00320357	0.00320357
18100	0.00115583	0.00115583
18200	0.00194407	0.00194407
18300	0.00120954	0.00120954
18400	0.00110977	0.00110977
18500	0.000918568	0.000918568
18600	0.000570206	0.000570206
18700	0.000210711	0.000210711
18800	0.000601576	0.000601576
18900	0.000530023	0.000530023
19000	0.00318728	0.00318728
19100	0.00340629	0.00340629
19200	0.00334439	0.00334439
19300	0.00361	0.00361
19400	0.00348639	0.00348639
19500	0.00221658	0.00221658
19600	0.0025248	0.0025248
19700	0.00124074	0.00124074
19800	0.00132229	0.00132229
19900	0.00186794	0.00186794
20000	0.00121692	0.00121692
20100	0.000944532	0.000944532
20200	0.000821009	0.000821009
20300	0.000910414	0.000910414
20400	0.000329615	0.000329615
20500	0.000486364	0.000486364
20600	0.000440283	0.000440283
20700	0.000384786	0.000384786
20800	0.00193308	0.00193308
20900	0.000784386	0.000784386
21000	0.00097704	0.00097704
21100	0.000260911	0.000260911
21200	0.000351224	0.000351224
21300	0.000997609	0.000997609
21400	0.000373082	0.000373082
21500	0.00225195	0.00225195
21600	0.00175136	0.00175136
21700	0.00432569	0.00432569
21800	0.00417117	0.00417117
21900	0.00409536	0.00409536
22000	0.00474421	0.00474421
22100	0.00318507	0.00318507
22200	0.00437851	0.00437851
22300	0.00498641	0.00498641
22400	0.00345446	0.00345446
22500	0.00345002	0.00345002
22600	0.00145559	0.00145559
22700	0.00123093	0.00123093
22800	0.000725349	0.000725349
22900	0.000460788	0.000460788
23000	3.23973e-05	3.23973e-05
23100	0.000549315	0.000549315
23200	0.000386478	0.000386478
23300	0.000193821	0.000193821
23400	0.00292997	0.00292997
23500	0.00221883	0.00221883
23600	0.00294616	0.00294616
23700	0.000786289	0.000786289
23800	0.00019974	0.00019974
23900	0.00016882	0.00016882
24000	0.000578786	0.000578786
24100	0.00043584	0.00043584
24200	2.17494e-05	2.17494e-05
24300	0.000270697	0.000270697
24400	0.000620897	0.000620897
24500	0.000878205	0.000878205
24600	0.000335087	0.000335087
24700	0.000751063	0.000751063
24800	0.000230001	0.000230001
24900	0.00094704	0.00094704
25000	0.00086086	0.00086086
25100	0.00138028	0.00138028
25200	8.70893e-05	8.70893e-05
25300	0.00139297	0.00139297
25400	0.00178367	0.00178367
25500	0.00287988	0.00287988
25600	0.00288591	0.00288591
25700	0.00301135	0.00301135
25800	0.0027512	0.0027512
25900	0.00244789	0.00244789
26000	0.0018438	0.0018438
26100	0.00185752	0.00185752
26200	0.00349573	0.00349573
26300	0.00364072	0.00364072
26400	0.00376936	0.00376936
26500	0.00301218	0.00301218
26600	0.00293382	0.00293382
26700	0.00242912	0.00242912
26800	0.00258014	0.00258014
26900	0.0019016	0.0019016
27000	0.00266873	0.00266873
27100	0.00170056	0.00170056
27200	0.00265704	0.00265704
27300	0.00210141	0.00210141
27400	0.00234751	0.00234751
27500	0.00611805	0.00611805
27600	0.00549863	0.00549863
27700	0.00562119	0.00562119
27800	0.00515704	0.00515704
27900	0.00537391	0.00537391
28000	0.00139482	0.00139482
28100	0.00219795	0.00219795
28200	0.000992756	0.000992756
28300	0.00036203	0.00036203
28400	0.00167927	0.00167927
28500	0.00124479	0.00124479
28600	0.00101185	0.00101185
28700	0.00100783	0.00100783
28800	0.000562072	0.000562072
28900	0.000419527	0.000419527
29000	0.00028503	0.00028503
29100	0.00198354	0.00198354
29200	0.000882533	0.000882533
29300	0.00142277	0.00142277
29400	0.0191888	0.0191888
29500	0.0199783	0.0199783
29600	0.0197429	0.0197429
29700	0.0190822	0.0190822
29800	0.0201639	0.0201639
29900	0.0110664	0.0110664
30000	0.0113203	0.0113203
30100	0.011328	0.011328
30200	0.0117654	0.0117654
30300	0.0117996	0.0117996
30400	0.0113919	0.0113919
30500	0.0122813	0.0122813
30600	0.0121953	0.0121953
30700	0.0112015	0.0112015
30800	0.0109878	0.0109878
30900	0.0113107	0.0113107
31000	0.0119994	0.0119994
31100	0.0118319	0.0118319
31200	0.0123398	0.0123398
31300	0.0121886	0.0121886
31400	0.0118015	0.0118015
31500	0.0117777	0.0117777
31600	0.0140993	0.0140993
31700	0.00870586	0.00870586
31800	0.00871423	0.00871423
31900	0.00740409	0.00740409
32000	0.00730493	0.00730493
32100	0.00661627	0.00661627
32200	0.00648294	0.00648294
32300	0.00711108	0.00711108
32400	0.00764795	0.00764795
32500	0.0114854	0.0114854
32600	0.0114267	0.0114267
32700	0.0122827	0.0122827
32800	0.0118763	0.0118763
32900	0.0117566	0.0117566
33000	0.0120413	0.0120413
33100	0.0100624	0.0100624
33200	0.0100327	0.0100327
33300	0.00952875	0.00952875
33400	0.0125344	0.0125344
33500	0.0128303	0.0128303
33600	0.0127717	0.0127717
33700	0.0127731	0.0127731
33800	0.0120964	0.0120964
33900	0.0118567	0.0118567
34000	0.0113857	0.0113857
34100	0.0104422	0.0104422
34200	0.0105051	0.0105051
34300	0.00739136	0.00739136
34400	0.0073974	0.0073974
34500	0.00752502	0.00752502
34600	0.00740601	0.00740601
34700	0.00739158	0.00739158
34800	0.00696324	0.00696324
34900	0.00672007	0.00672007
35000	0.00634206	0.00634206
35100	0.00663731	0.00663731
35200	0.00745461	0.00745461
35300	0.00765616	0.00765616
35400	0.00773865	0.00773865
35500	0.00725182	0.00725182
35600	0.00385466	0.00385466
35700	0.00361145	0.00361145
35800	0.00408901	0.00408901
35900	0.00464501	0.00464501
36000	0.00458858	0.00458858
36100	0.00646681	0.00646681
36200	0.00572804	0.00572804
36300	0.00704273	0.00704273
36400	0.00710064	0.00710064
36500	0.00635875	0.00635875
36600	0.00768049	0.00768049
36700	0.00658333	0.00658333
36800	0.00688777	0.00688777
36900	0.00674582	0.00674582
37000	0.0066801	0.0066801
37100	0.0061344	0.0061344
37200	0.0050375	0.0050375
37300	0.00456756	0.00456756
37400	0.00456317	0.00456317
37500	0.00456467	0.00456467
37600	0.00470356	0.00470356
37700	0.00485237	0.00485237
37800	0.00517737	0.00517737
37900	0.0048477	0.0048477
38000	0.00364548	0.00364548
38100	0.0041248	0.0041248
38200	0.00424169	0.00424169
38300	0.00462048	0.00462048
38400	0.00503274	0.00503274
38500	0.00489955	0.00489955
38600	0.0049636	0.0049636
38700	0.0046796	0.0046796
38800	0.00637298	0.00637298
38900	0.00609921	0.00609921
39000	0.00628759	0.00628759
39100	0.00649743	0.00649743
39200	0.00518035	0.00518035
39300	0.00543919	0.00543919
39400	0.00436839	0.00436839
39500	0.00460847	0.00460847
39600	0.00464232	0.00464232
39700	0.00329238	0.00329238
39800	0.00328234	0.00328234
39900	0.00570307	0.00570307
40000	0.00609621	0.00609621
40100	0.00562962	0.00562962
40200	0.00803971	0.00803971
40300	0.00824116	0.00824116
40400	0.000760569	0.000760569
40500	0.000816301	0.000816301
40600	0.00151877	0.00151877
40700	0.00180939	0.00180939
40800	0.00199188	0.00199188
40900	0.00200519	0.00200519
41000	0.00217858	0.00217858
41100	0.00179103	0.00179103
41200	0.00183643	0.00183643
41300	0.00184705	0.00184705
41400	0.00107771	0.00107771
41500	0.00167662	0.00167662
41600	0.00146545	0.00146545
41700	0.000865314	0.000865314
41800	0.00099618	0.00099618
41900	0.00111733	0.00111733
42000	0.000758029	0.000758029
42100	0.00192276	0.00192276
42200	0.00258433	0.00258433
42300	0.00260489	0.00260489
42400	0.000955642	0.000955642
42500	0.00117003	0.00117003
42600	0.00101789	0.00101789
42700	0.00100613	0.00100613
42800	0.00155934	0.00155934
42900	0.00256473	0.00256473
43000	0.00273149	0.00273149
43100	0.00206035	0.00206035
43200	0.000796635	0.000796635
43300	0.00235845	0.00235845
43400	0.00253686	0.00253686
43500	0.00248734	0.00248734
43600	0.00292799	0.00292799
43700	0.00257202	0.00257202
43800	0.00264658	0.00264658
43900	0.00289191	0.00289191
44000	0.00193677	0.00193677
44100	0.00210367	0.00210367
44200	0.00271855	0.00271855
44300	0.00261499	0.00261499
44400	0.00269326	0.00269326
44500	0.00161123	0.00161123
44600	0.00175441	0.00175441
44700	0.0017382	0.0017382
44800	0.00203788	0.00203788
44900	0.00271386	0.00271386
45000	0.00219796	0.00219796
45100	0.00281547	0.00281547
45200	0.00189145	0.00189145
45300	0.00162939	0.00162939
45400	0.00182547	0.00182547
45500	0.0016292	0.0016292
45600	0.00205227	0.00205227
45700	0.00167042	0.00167042
45800	0.00210242	0.00210242
45900	0.00209236	0.00209236
46000	0.00211947	0.00211947
46100	0.0022747	0.0022747
46200	0.00154604	0.00154604
46300	0.00186995	0.00186995
46400	0.00176322	0.00176322
46500	0.00111213	0.00111213
46600	0.00131126	0.00131126
46700	0.00180034	0.00180034
46800	0.00234468	0.00234468
46900	0.0027171	0.0027171
47000	0.00117123	0.00117123
47100	0.00164534	0.00164534
47200	0.00181431	0.00181431
47300	0.00223534	0.00223534
47400	0.00253324	0.00253324
47500	0.00288691	0.00288691
47600	0.0026109	0.0026109
47700	0.00126841	0.00126841
47800	0.00233952	0.00233952
47900	0.00257859	0.00257859
48000	0.00299041	0.00299041
48100	0.0029497	0.0029497
48200	0.00290538	0.00290538
48300	0.00274991	0.00274991
48400	0.00255558	0.00255558
48500	0.00276215	0.00276215
48600	0.00261322	0.00261322
48700	0.0028055	0.0028055
48800	0.00269897	0.00269897
48900	0.00185056	0.00185056
49000	0.00230435	0.00230435
49100	0.0020013	0.0020013
49200	0.00164761	0.00164761
49300	0.00142126	0.00142126
49400	0.000129126	0.000129126
49500	0.00017033	0.00017033
49600	0.00938953	0.00938953
49700	0.0102027	0.0102027
49800	0.0101036	0.0101036
49900	0.009928	0.009928
50000	0.00973606	0.00973606
50100	0.00934186	0.00934186
50200	0.00905533	0.00905533
50300	0.00906373	0.00906373
50400	0.00941494	0.00941494
50500	0.00995119	0.00995119
50600	0.00979126	0.00979126
50700	0.0224487	0.0224487
50800	0.0223733	0.0223733
50900	0.0225216	0.0225216
51000	0.0236597	0.0236597
51100	0.0235691	0.0235691
51200	0.0234703	0.0234703
51300	0.0227802	0.0227802
51400	0.0235745	0.0235745
51500	0.0231957	0.0231957
51600	0.0232153	0.0232153
51700	0.0229697	0.0229697
51800	0.0214828	0.0214828
51900	0.0214342	0.0214342
52000	0.0213105	0.0213105
52100	0.0219452	0.0219452
52200	0.0219904	0.0219904
52300	0.021815	0.021815
52400	0.0216315	0.0216315
52500	0.0213977	0.0213977
52600	0.0214741	0.0214741
52700	0.0214799	0.0214799
52800	0.021231	0.021231
52900	0.0213861	0.0213861
53000	0.0211982	0.0211982
53100	0.0216467	0.0216467
53200	0.0217503	0.0217503
53300	0.0220984	0.0220984
53400	0.0221454	0.0221454
53500	0.019411	0.019411
53600	0.0195507	0.0195507
53700	0.0195345	0.0195345
53800	0.0192157	0.0192157
53900	0.0197033	0.0197033
54000	0.0197088	0.0197088
54100	0.020425	0.020425
54200	0.0178655	0.0178655
54300	0.0178753	0.0178753
54400	0.0179355	0.0179355
54500	0.0180846	0.0180846
54600	0.0185388	0.0185388
54700	0.0180597	0.0180597
54800	0.0179911	0.0179911
54900	0.017813	0.017813
55000	0.0173067	0.0173067
55100	0.0174482	0.0174482
55200	0.0174442	0.0174442
55300	0.0176539	0.0176539
55400	0.0178361	0.0178361
55500	0.0173399	0.0173399
55600	0.0173193	0.0173193
55700	0.0171403	0.0171403
55800	0.0171666	0.0171666
55900	0.0173021	0.0173021
56000	0.0166237	0.0166237
56100	0.0169456	0.0169456
56200	0.0170172	0.0170172
56300	0.0172101	0.0172101
56400	0.0174843	0.0174843
56500	0.017021	0.017021
56600	0.0168664	0.0168664
56700	0.016081	0.016081
56800	0.0167559	0.0167559
56900	0.0170657	0.0170657
57000	0.017293	0.017293
57100	0.0170978	0.0170978
57200	0.0168589	0.0168589
57300	0.0168472	0.0168472
57400	0.0166253	0.0166253
57500	0.0163872	0.0163872
57600	0.0163658	0.0163658
57700	0.0177747	0.0177747
57800	0.0177219	0.0177219
57900	0.01868	0.01868
58000	0.0188683	0.0188683
58100	0.018799	0.018799
58200	0.0193811	0.0193811
58300	0.0195419	0.0195419
58400	0.018742	0.018742
58500	0.0187491	0.0187491
58600	0.0171777	0.0171777
58700	0.0172848	0.0172848
58800	0.0172058	0.0172058
58900	0.0172527	0.0172527
59000	0.0169274	0.0169274
59100	0.0161748	0.0161748
59200	0.0160991	0.0160991
59300	0.0164432	0.0164432
59400	0.0168876	0.0168876
59500	0.0176011	0.0176011
59600	0.0174119	0.0174119
59700	0.017574	0.017574
59800	0.0170875	0.0170875
59900	0.0164638	0.0164638
60000	0.0161913	0.0161913
60100	0.0162266	0.0162266
60200	0.0163908	0.0163908
60300	0.0160658	0.0160658
60400	0.0175512	0.0175512
60500	0.017481	0.017481
60600	0.0174166	0.0174166
60700	0.0173207	0.0173207
60800	0.0162997	0.0162997
60900	0.0164144	0.0164144
61000	0.0152079	0.0152079
61100	0.0157346	0.0157346
61200	0.0160526	0.0160526
61300	0.0160169	0.0160169
61400	0.0160433	0.0160433
61500	0.0158952	0.0158952
61600	0.015479	0.015479
61700	0.0155481	0.0155481
61800	0.0163859	0.0163859
61900	0.0165195	0.0165195
62000	0.016194	0.016194
62100	0.0161561	0.0161561
62200	0.0165945	0.0165945
62300	0.0152973	0.0152973
62400	0.0154849	0.0154849
62500	0.0153395	0.0153395
62600	0.0156161	0.0156161
62700	0.0156579	0.0156579
62800	0.0155879	0.0155879
62900	0.0156539	0.0156539
63000	0.0152788	0.0152788
63100	0.0157807	0.0157807
63200	0.0155512	0.0155512
63300	0.014759	0.014759
63400	0.014816	0.014816
63500	0.0140545	0.0140545
63600	0.0144872	0.0144872
63700	0.0138916	0.0138916
63800	0.0134988	0.0134988
63900	0.0134391	0.0134391
64000	0.0143109	0.0143109
64100	0.0146496	0.0146496
64200	0.0146053	0.0146053
64300	0.0149181	0.0149181
64400	0.0146701	0.0146701
64500	0.0145968	0.0145968
64600	0.0146983	0.0146983
64700	0.0147258	0.0147258
64800	0.0146697	0.0146697
64900	0.0175051	0.0175051
65000	0.0175639	0.0175639
65100	0.0180222	0.0180222
65200	0.0179937	0.0179937
65300	0.0180573	0.0180573
65400	0.0179488	0.0179488
65500	0.0179954	0.0179954
65600	0.0176554	0.0176554
65700	0.0168157	0.0168157
65800	0.0176481	0.0176481
65900	0.0155947	0.0155947
66000	0.0158774	0.0158774
66100	0.0153544	0.0153544
66200	0.01523	0.01523
66300	0.0151558	0.0151558
66400	0.0146159	0.0146159
66500	0.0144614	0.0144614
66600	0.0143532	0.0143532
66700	0.0147931	0.0147931
66800	0.0144051	0.0144051
66900	0.0150829	0.0150829
67000	0.0152119	0.0152119
67100	0.0147141	0.0147141
67200	0.0138462	0.0138462
67300	0.0136568	0.0136568
67400	0.0137856	0.0137856
67500	0.0138447	0.0138447
67600	0.0139613	0.0139613
67700	0.0141626	0.0141626
67800	0.0139745	0.0139745
67900	0.0142246	0.0142246
68000	0.0142523	0.0142523
68100	0.0137204	0.0137204
68200	0.0138301	0.0138301
68300	0.0143034	0.0143034
68400	0.0148585	0.0148585
68500	0.0151865	0.0151865
68600	0.0148446	0.0148446
68700	0.0150511	0.0150511
68800	0.0133941	0.0133941
68900	0.0134985	0.0134985
69000	0.0139309	0.0139309
69100	0.0141097	0.0141097
69200	0.0140637	0.0140637
69300	0.0136694	0.0136694
69400	0.0142746	0.0142746
69500	0.0138468	0.0138468
69600	0.0131237	0.0131237
69700	0.0130975	0.0130975
69800	0.0130072	0.0130072
69900	0.0131905	0.0131905
70000	0.0130985	0.0130985
70100	0.0134541	0.0134541
70200	0.0135239	0.0135239
70300	0.0135935	0.0135935
70400	0.0135147	0.0135147
70500	0.0132136	0.0132136
70600	0.0134436	0.0134436
70700	0.0135138	0.0135138
70800	0.013099	0.013099
70900	0.0132123	0.0132123
71000	0.0126962	0.0126962
71100	0.0126741	0.0126741
71200	0.0151711	0.0151711
71300	0.0147731	0.0147731
71400	0.0148166	0.0148166
71500	0.0148771	0.0148771
71600	0.0149935	0.0149935
71700	0.0146954	0.0146954
71800	0.0146579	0.0146579
71900	0.0146576	0.0146576
72000	0.0130795	0.0130795
72100	0.0133819	0.0133819
72200	0.0131922	0.0131922
72300	0.0159852	0.0159852
72400	0.0159856	0.0159856
72500	0.015924	0.015924
72600	0.0199981	0.0199981
72700	0.0198217	0.0198217
72800	0.0197265	0.0197265
72900	0.0195798	0.0195798
73000	0.0197571	0.0197571
73100	0.0197204	0.0197204
73200	0.0194409	0.0194409
73300	0.01951	0.01951
73400	0.0194106	0.0194106
73500	0.0191821	0.0191821
73600	0.0191242	0.0191242
73700	0.0188175	0.0188175
73800	0.0189339	0.0189339
73900	0.0192494	0.0192494
74000	0.019279	0.019279
74100	0.0193519	0.0193519
74200	0.0194931	0.0194931
74300	0.0194236	0.0194236
74400	0.0189503	0.0189503
74500	0.0185675	0.0185675
74600	0.0184087	0.0184087
74700	0.0186294	0.0186294
74800	0.0192069	0.0192069
74900	0.0194603	0.0194603
75000	0.0196241	0.0196241
75100	0.0193633	0.0193633
75200	0.0194293	0.0194293
75300	0.0192356	0.0192356
75400	0.0191408	0.0191408
75500	0.0195066	0.0195066
75600	0.0193866	0.0193866
75700	0.0202596	0.0202596
75800	0.0201644	0.0201644
75900	0.0199699	0.0199699
76000	0.0198161	0.0198161
76100	0.0190323	0.0190323
76200	0.0191884	0.0191884
76300	0.0191387	0.0191387
76400	0.0191975	0.0191975
76500	0.0192635	0.0192635
76600	0.0199784	0.0199784
76700	0.0202704	0.0202704
76800	0.0199743	0.0199743
76900	0.0197883	0.0197883
77000	0.0198069	0.0198069
77100	0.0195708	0.0195708
77200	0.0196736	0.0196736
77300	0.0196948	0.0196948
77400	0.0198696	0.0198696
77500	0.0200527	0.0200527
77600	0.0196026	0.0196026
77700	0.0197783	0.0197783
77800	0.0195874	0.0195874
77900	0.0197332	0.0197332
78000	0.019919	0.019919
78100	0.0195891	0.0195891
78200	0.0195691	0.0195691
78300	0.0190672	0.0190672
78400	0.0194264	0.0194264
78500	0.0193788	0.0193788
78600	0.0185415	0.0185415
78700	0.0186258	0.0186258
78800	0.0186156	0.0186156
78900	0.0187178	0.0187178
79000	0.0187304	0.0187304
79100	0.0189282	0.0189282
79200	0.0189996	0.0189996
79300	0.0181823	0.0181823
79400	0.0181775	0.0181775
79500	0.0187551	0.0187551
79600	0.0189739	0.0189739
79700	0.0190869	0.0190869
79800	0.0197692	0.0197692
79900	0.0198978	0.0198978
80000	0.0197048	0.0197048
80100	0.0196766	0.0196766
80200	0.0198567	0.0198567
80300	0.0193454	0.0193454
80400	0.0195164	0.0195164
80500	0.0191528	0.0191528
80600	0.019288	0.019288
80700	0.0190359	0.0190359
80800	0.0186815	0.0186815
80900	0.018897	0.018897
81000	0.00495993	0.00495993
81100	0.00521687	0.00521687
81200	0.00508338	0.00508338
81300	0.00540839	0.00540839
81400	0.00536294	0.00536294
81500	0.00514237	0.00514237
81600	0.00525707	0.00525707
81700	0.00502134	0.00502134
81800	0.00464964	0.00464964
81900	0.00453409	0.00453409
82000	0.0055738	0.0055738
82100	0.00593688	0.00593688
82200	0.00584215	0.00584215
82300	0.0060066	0.0060066
82400	0.00573064	0.00573064
82500	0.00574646	0.00574646
82600	0.00571662	0.00571662
82700	0.0064363	0.0064363
82800	0.0061818	0.0061818
82900	0.0062902	0.0062902
83000	0.00626508	0.00626508
83100	0.00555215	0.00555215
83200	0.00541793	0.00541793
83300	0.00543349	0.00543349
83400	0.00575421	0.00575421
83500	0.00568407	0.00568407
83600	0.00577342	0.00577342
83700	0.00562739	0.00562739
83800	0.00488588	0.00488588
83900	0.00503493	0.00503493
84000	0.00489888	0.00489888
84100	0.00518713	0.00518713
84200	0.00516328	0.00516328
84300	0.00516216	0.00516216
84400	0.00533499	0.00533499
84500	0.0050535	0.0050535
84600	0.00537398	0.00537398
84700	0.00487296	0.00487296
84800	0.00520795	0.00520795
84900	0.00509483	0.00509483
85000	0.00505047	0.00505047
85100	0.00595113	0.00595113
85200	0.00554048	0.00554048
85300	0.00550074	0.00550074
85400	0.00629334	0.00629334
85500	0.00624449	0.00624449
85600	0.00576198	0.00576198
85700	0.00562223	0.00562223
85800	0.00578758	0.00578758
85900	0.00596087	0.00596087
86000	0.00596648	0.00596648
86100	0.00580373	0.00580373
86200	0.00561324	0.00561324
86300	0.00533838	0.00533838
86400	0.00510768	0.00510768
86500	0.00307703	0.00307703
86600	0.00436329	0.00436329
86700	0.00411599	0.00411599
86800	0.00402903	0.00402903
86900	0.00385409	0.00385409
87000	0.00354548	0.00354548
87100	0.00352083	0.00352083
87200	0.00355753	0.00355753
87300	0.00387659	0.00387659
87400	0.00314063	0.00314063
87500	0.00318078	0.00318078
87600	0.00323632	0.00323632
87700	0.00321084	0.00321084
87800	0.00374675	0.00374675
87900	0.00359857	0.00359857
88000	0.00370634	0.00370634
88100	0.00388161	0.00388161
88200	0.00395838	0.00395838
88300	0.00437296	0.00437296
88400	0.00441104	0.00441104
88500	0.00419227	0.00419227
88600	0.00397057	0.00397057
88700	0.00402634	0.00402634
88800	0.00404248	0.00404248
88900	0.00408656	0.00408656
89000	0.00420876	0.00420876
89100	0.00467694	0.00467694
89200	0.00442149	0.00442149
89300	0.00418296	0.00418296
89400	0.00411699	0.00411699
89500	0.00417578	0.00417578
89600	0.00417841	0.00417841
89700	0.00441816	0.00441816
89800	0.00428565	0.00428565
89900	0.00418186	0.00418186
90000	0.00477425	0.00477425
90100	0.00407148	0.00407148
90200	0.00521424	0.00521424
90300	0.00474123	0.00474123
90400	0.00498774	0.00498774
90500	0.00482606	0.00482606
90600	0.0047744	0.0047744
90700	0.00507719	0.00507719
90800	0.00521214	0.00521214
90900	0.00533718	0.00533718
91000	0.00461179	0.00461179
91100	0.00457232	0.00457232
91200	0.00454915	0.00454915
91300	0.00460207	0.00460207
91400	0.00489048	0.00489048
91500	0.0058829	0.0058829
91600	0.00615315	0.00615315
91700	0.0059373	0.0059373
91800	0.00583683	0.00583683
91900	0.00585273	0.00585273
92000	0.00571115	0.00571115
92100	0.00576191	0.00576191
92200	0.00567501	0.00567501
92300	0.00562694	0.00562694
92400	0.00593662	0.00593662
92500	0.00590377	0.00590377
92600	0.00693938	0.00693938
92700	0.006791	0.006791
92800	0.00527752	0.00527752
92900	0.00526073	0.00526073
93000	0.00511946	0.00511946
93100	0.00590912	0.00590912
93200	0.00599575	0.00599575
93300	0.00594274	0.00594274
93400	0.00586766	0.00586766
93500	0.00566534	0.00566534
93600	0.00586599	0.00586599
93700	0.00566451	0.00566451
93800	0.00572279	0.00572279
93900	0.00566768	0.00566768
94000	0.00552155	0.00552155
94100	0.00556507	0.00556507
94200	0.00354151	0.00354151
94300	0.00336558	0.00336558
94400	0.00342366	0.00342366
94500	0.00348208	0.00348208
94600	0.00338745	0.00338745
94700	0.00337236	0.00337236
94800	0.00335822	0.00335822
94900	0.00399655	0.00399655
95000	0.00395326	0.00395326
95100	0.00435595	0.00435595
95200	0.0042679	0.0042679
95300	0.00432009	0.00432009
95400	0.00449478	0.00449478
95500	0.00443332	0.00443332
95600	0.00512793	0.00512793
95700	0.00483286	0.00483286
95800	0.00471007	0.00471007
95900	0.00450575	0.00450575
96000	0.0045607	0.0045607
96100	0.00459989	0.00459989
96200	0.00456284	0.00456284
96300	0.00472943	0.00472943
96400	0.00455418	0.00455418
96500	0.00447011	0.00447011
96600	0.00430449	0.00430449
96700	0.00425871	0.00425871
96800	0.00434183	0.00434183
96900	0.00432698	0.00432698
97000	0.00438263	0.00438263
97100	0.00417363	0.00417363
97200	0.00357821	0.00357821
97300	0.00333047	0.00333047
97400	0.00337148	0.00337148
97500	0.0036201	0.0036201
97600	0.00349619	0.00349619
97700	0.0037244	0.0037244
97800	0.00362559	0.00362559
97900	0.00366753	0.00366753
98000	0.00414057	0.00414057
98100	0.00418412	0.00418412
98200	0.00361333	0.00361333
98300	0.00341886	0.00341886
98400	0.00346138	0.00346138
98500	0.00350111	0.00350111
98600	0.00334342	0.00334342
98700	0.00376075	0.00376075
98800	0.00547148	0.00547148
98900	0.00545366	0.00545366
99000	0.00537298	0.00537298
99100	0.00514704	0.00514704
99200	0.00528708	0.00528708
99300	0.0050274	0.0050274
99400	0.00507466	0.00507466
99500	0.00491043	0.00491043
99600	0.00454879	0.00454879
99700	0.00478407	0.00478407
99800	0.00469804	0.00469804
99900	0.00505782	0.00505782
100000	0.00455843	0.00455843
100100	0.00450001	0.00450001
100200	0.00467529	0.00467529
100300	0.00473469	0.00473469
100400	0.0061035	0.0061035
100500	0.00602876	0.00602876
100600	0.00603612	0.00603612
100700	0.00564604	0.00564604
100800	0.00540517	0.00540517
100900	0.00516965	0.00516965
101000	0.00509178	0.00509178
101100	0.00494318	0.00494318
101200	0.0052107	0.0052107
101300	0.00508816	0.00508816
101400	0.00467888	0.00467888
101500	0.00437683	0.00437683
101600	0.00445469	0.00445469
101700	0.0043859	0.0043859
101800	0.00414986	0.00414986
101900	0.00431017	0.00431017
102000	0.00419389	0.00419389
102100	0.00428264	0.00428264
102200	0.00444925	0.00444925
102300	0.00447605	0.00447605
102400	0.00465619	0.00465619
102500	0.00429615	0.00429615
102600	0.00461074	0.00461074
102700	0.00434174	0.00434174
102800	0.00448115	0.00448115
102900	0.00484441	0.00484441
103000	0.00474682	0.00474682
103100	0.00473338	0.00473338
103200	0.0045049	0.0045049
103300	0.00470701	0.00470701
103400	0.0047161	0.0047161
103500	0.00471759	0.00471759
103600	0.00441382	0.00441382
103700	0.00399364	0.00399364
103800	0.00408538	0.00408538
103900	0.00399874	0.00399874
104000	0.00402229	0.00402229
104100	0.00410289	0.00410289
104200	0.00408421	0.00408421
104300	0.00413651	0.00413651
104400	0.00401652	0.00401652
104500	0.0039462	0.0039462
104600	0.00403199	0.00403199
104700	0.00337443	0.00337443
104800	0.00360212	0.00360212
104900	0.00346316	0.00346316
105000	0.00324874	0.00324874
105100	0.00343708	0.00343708
105200	0.00352861	0.00352861
105300	0.00532408	0.00532408
105400	0.00485525	0.00485525
105500	0.00489724	0.00489724
105600	0.00469408	0.00469408
105700	0.00476227	0.00476227
105800	0.00478244	0.00478244
105900	0.0048289	0.0048289
106000	0.00510455	0.00510455
106100	0.00530469	0.00530469
106200	0.00544965	0.00544965
106300	0.00511893	0.00511893
106400	0.00512195	0.00512195
106500	0.00505643	0.00505643
106600	0.00487694	0.00487694
106700	0.00502154	0.00502154
106800	0.00477089	0.00477089
106900	0.00490107	0.00490107
107000	0.00521409	0.00521409
107100	0.00513009	0.00513009
107200	0.00452836	0.00452836
107300	0.00416046	0.00416046
107400	0.00415115	0.00415115
107500	0.00423221	0.00423221
107600	0.00437658	0.00437658
107700	0.00481432	0.00481432
107800	0.00481084	0.00481084
107900	0.00462856	0.00462856
108000	0.00439609	0.00439609
108100	0.0028853	0.0028853
108200	0.00315865	0.00315865
108300	0.00288303	0.00288303
108400	0.00327082	0.00327082
108500	0.00336149	0.00336149
108600	0.00320034	0.00320034
108700	0.00329581	0.00329581
108800	0.00324778	0.00324778
108900	0.00323546	0.00323546
109000	0.00282678	0.00282678
109100	0.00287511	0.00287511
109200	0.00292202	0.00292202
109300	0.0029463	0.0029463
109400	0.00401834	0.00401834
109500	0.00393021	0.00393021
109600	0.00388244	0.00388244
109700	0.00385352	0.00385352
109800	0.00380853	0.00380853
109900	0.0039014	0.0039014
110000	0.0039997	0.0039997
110100	0.00378272	0.00378272
110200	0.00503553	0.00503553
110300	0.00499075	0.00499075
110400	0.00479017	0.00479017
110500	0.0047318	0.0047318
110600	0.0047257	0.0047257
110700	0.00478562	0.00478562
110800	0.00459332	0.00459332
110900	0.00544683	0.00544683
111000	0.00539235	0.00539235
111100	0.00536247	0.00536247
111200	0.00526771	0.00526771
111300	0.00521969	0.00521969
111400	0.00527307	0.00527307
111500	0.00495121	0.00495121
111600	0.00489707	0.00489707
111700	0.0047362	0.0047362
111800	0.00482712	0.00482712
111900	0.00475775	0.00475775
112000	0.00465342	0.00465342
112100	0.0101804	0.0101804
112200	0.00972014	0.00972014
112300	0.00969467	0.00969467
112400	0.0100692	0.0100692
112500	0.0100814	0.0100814
112600	0.00998575	0.00998575
112700	0.0100403	0.0100403
112800	0.00998726	0.00998726
112900	0.00987814	0.00987814
113000	0.0099221	0.0099221
113100	0.00985879	0.00985879
113200	0.00989307	0.00989307
113300	0.0100238	0.0100238
113400	0.0101875	0.0101875
113500	0.010092	0.010092
113600	0.0100364	0.0100364
113700	0.00990444	0.00990444
113800	0.00984985	0.00984985
113900	0.009701	0.009701
114000	0.0098213	0.0098213
114100	0.00968796	0.00968796
114200	0.00993426	0.00993426
114300	0.0110301	0.0110301
114400	0.0100773	0.0100773
114500	0.010432	0.010432
114600	0.0103157	0.0103157
114700	0.0103775	0.0103775
114800	0.0104143	0.0104143
114900	0.0104573	0.0104573
115000	0.0107682	0.0107682
115100	0.0106413	0.0106413
115200	0.0106213	0.0106213
115300	0.0102518	0.0102518
115400	0.010269	0.010269
115500	0.00921443	0.00921443
115600	0.00917676	0.00917676
115700	0.00936494	0.00936494
115800	0.00802636	0.00802636
115900	0.00794306	0.00794306
116000	0.00814704	0.00814704
116100	0.00808167	0.00808167
116200	0.0078585	0.0078585
116300	0.00769861	0.00769861
116400	0.00760993	0.00760993
116500	0.00784526	0.00784526
116600	0.00778585	0.00778585
116700	0.00810622	0.00810622
116800	0.0080236	0.0080236
116900	0.00784123	0.00784123
117000	0.00865641	0.00865641
117100	0.00833789	0.00833789
117200	0.00869979	0.00869979
117300	0.0086225	0.0086225
117400	0.00858556	0.00858556
117500	0.00910644	0.00910644
117600	0.00897084	0.00897084
117700	0.00902917	0.00902917
117800	0.00888618	0.00888618
117900	0.00894979	0.00894979
118000	0.00861653	0.00861653
118100	0.00854852	0.00854852
118200	0.00977174	0.00977174
118300	0.00969701	0.00969701
118400	0.00979076	0.00979076
118500	0.00964264	0.00964264
118600	0.00956917	0.00956917
118700	0.00931664	0.00931664
118800	0.00885364	0.00885364
118900	0.00834446	0.00834446
119000	0.00831832	0.00831832
119100	0.00824869	0.00824869
119200	0.0084187	0.0084187
119300	0.00834106	0.00834106
119400	0.00853635	0.00853635
119500	0.00839175	0.00839175
119600	0.00865646	0.00865646
119700	0.00877761	0.00877761
119800	0.00788309	0.00788309
119900	0.00817676	0.00817676
120000	0.00805844	0.00805844
120100	0.00808611	0.00808611
120200	0.00796504	0.00796504
120300	0.00811826	0.00811826
120400	0.00827309	0.00827309
120500	0.00815861	0.00815861
120600	0.00835637	0.00835637
120700	0.00843074	0.00843074
120800	0.00859282	0.00859282
120900	0.00838516	0.00838516
121000	0.00825154	0.00825154
121100	0.00834469	0.00834469
121200	0.0081334	0.0081334
121300	0.00825278	0.00825278
121400	0.00821515	0.00821515
121500	0.0083725	0.0083725
121600	0.00829134	0.00829134
121700	0.0081917	0.0081917
121800	0.00857594	0.00857594
121900	0.00845026	0.00845026
122000	0.00865563	0.00865563
122100	0.00861313	0.00861313
122200	0.00861142	0.00861142
122300	0.00899158	0.00899158
122400	0.0088318	0.0088318
122500	0.00835202	0.00835202
122600	0.00824846	0.00824846
122700	0.00749138	0.00749138
122800	0.00746643	0.00746643
122900	0.00733299	0.00733299
123000	0.00736022	0.00736022
123100	0.0104482	0.0104482
123200	0.0106109	0.0106109
123300	0.0106259	0.0106259
123400	0.0103628	0.0103628
123500	0.010467	0.010467
123600	0.0101721	0.0101721
123700	0.0103849	0.0103849
123800	0.0103504	0.0103504
123900	0.0103685	0.0103685
124000	0.0106858	0.0106858
124100	0.0104223	0.0104223
124200	0.0103127	0.0103127
124300	0.0107262	0.0107262
124400	0.0107607	0.0107607
124500	0.010845	0.010845
124600	0.010708	0.010708
124700	0.0114062	0.0114062
124800	0.0113418	0.0113418
124900	0.0113156	0.0113156
125000	0.01127	0.01127
125100	0.0111375	0.0111375
125200	0.0108497	0.0108497
125300	0.010481	0.010481
125400	0.0105383	0.0105383
125500	0.0111001	0.0111001
125600	0.0110677	0.0110677
125700	0.0110654	0.0110654
125800	0.0109329	0.0109329
125900	0.0107641	0.0107641
126000	0.0106992	0.0106992
126100	0.010556	0.010556
126200	0.0106949	0.0106949
126300	0.0100252	0.0100252
126400	0.0100383	0.0100383
126500	0.0101664	0.0101664
126600	0.00957516	0.00957516
126700	0.00972854	0.00972854
126800	0.00972595	0.00972595
126900	0.00988752	0.00988752
127000	0.00980664	0.00980664
127100	0.00989313	0.00989313
127200	0.0100895	0.0100895
127300	0.0100242	0.0100242
127400	0.00993739	0.00993739
127500	0.00979791	0.00979791
127600	0.0099259	0.0099259
127700	0.00986403	0.00986403
127800	0.00983574	0.00983574
127900	0.00984376	0.00984376
128000	0.0100135	0.0100135
128100	0.0099778	0.0099778
128200	0.00979372	0.00979372
128300	0.00975458	0.00975458
128400	0.00954972	0.00954972
128500	0.00951906	0.00951906
128600	0.00964356	0.00964356
128700	0.00968069	0.00968069
128800	0.00921111	0.00921111
128900	0.00910685	0.00910685
129000	0.00906125	0.00906125
129100	0.00932341	0.00932341
129200	0.0092731	0.0092731
129300	0.00938079	0.00938079
129400	0.0093182	0.0093182
129500	0.0093117	0.0093117
129600	0.00994989	0.00994989
129700	0.00884663	0.00884663
129800	0.00893116	0.00893116
129900	0.00867871	0.00867871
130000	0.0086812	0.0086812
130100	0.00871402	0.00871402
130200	0.00854962	0.00854962
130300	0.00874541	0.00874541
130400	0.00904482	0.00904482
130500	0.00916978	0.00916978
130600	0.00880177	0.00880177
130700	0.00873733	0.00873733
130800	0.0087366	0.0087366
130900	0.00865399	0.00865399
131000	0.00874646	0.00874646
131100	0.00870687	0.00870687
131200	0.00867698	0.00867698
131300	0.00873657	0.00873657
131400	0.0086471	0.0086471
131500	0.00868512	0.00868512
131600	0.00861408	0.00861408
131700	0.00832753	0.00832753
131800	0.00845337	0.00845337
131900	0.00849142	0.00849142
132000	0.00914628	0.00914628
132100	0.00922562	0.00922562
132200	0.00924476	0.00924476
132300	0.00915286	0.00915286
132400	0.00891839	0.00891839
132500	0.00906728	0.00906728
132600	0.00895644	0.00895644
132700	0.00898125	0.00898125
132800	0.00940838	0.00940838
132900	0.00938538	0.00938538
133000	0.00943493	0.00943493
133100	0.00899915	0.00899915
133200	0.00875625	0.00875625
133300	0.00842363	0.00842363
133400	0.00841548	0.00841548
133500	0.00836984	0.00836984
133600	0.00829046	0.00829046
133700	0.00828541	0.00828541
133800	0.00889729	0.00889729
133900	0.00880895	0.00880895
134000	0.00894564	0.00894564
134100	0.00891597	0.00891597
134200	0.00874647	0.00874647
134300	0.00881688	0.00881688
134400	0.00877765	0.00877765
134500	0.00940832	0.00940832
134600	0.00936087	0.00936087
134700	0.00933904	0.00933904
134800	0.00922669	0.00922669
134900	0.00920849	0.00920849
135000	0.00929101	0.00929101
135100	0.00912102	0.00912102
135200	0.0092846	0.0092846
135300	0.00966191	0.00966191
135400	0.00973727	0.00973727
135500	0.00966383	0.00966383
135600	0.00953201	0.00953201
135700	0.00965585	0.0