     -3.95   0.901967   0.901967   0.901967
      -3.9   0.491906   0.491906   0.491906
     -3.85   0.360507   0.360507   0.360507
      -3.8   0.299632   0.299632   0.299632
     -3.75   0.267866   0.267866   0.267866
      -3.7   0.251644   0.251644   0.251644
     -3.65   0.245441   0.245441   0.245441
      -3.6   0.246857   0.246857   0.246857
     -3.55   0.255031   0.255031   0.255031
      -3.5   0.270088   0.270088   0.270088
     -3.45   0.293028   0.293028   0.293028
      -3.4   0.325891   0.325891   0.325891
     -3.35   0.372281   0.372281   0.372281
      -3.3   0.438517   0.438517   0.438517
     -3.25   0.536251   0.536251   0.536251
      -3.2   0.689056   0.689056   0.689056
     -3.15    0.95226    0.95226    0.95226
      -3.1    1.49229    1.49229    1.49229
     -3.05    3.14222    3.14222    3.14222
     -2.95   -3.56277   -3.56277   -3.56277
      -2.9   -1.91843   -1.91843   -1.91843
     -2.85   -1.38795   -1.38795   -1.38795
      -2.8    -1.1386    -1.1386    -1.1386
     -2.75    -1.0045    -1.0045    -1.0045
      -2.7  -0.931083  -0.931083  -0.931083
     -2.65   -0.89586   -0.89586   -0.89586
      -2.6  -0.888686  -0.888686  -0.888686
     -2.55  -0.905359  -0.905359  -0.905359
      -2.5  -0.945309  -0.945309  -0.945309
     -2.45   -1.01095   -1.01095   -1.01095
      -2.4   -1.10803   -1.10803   -1.10803
     -2.35   -1.24714   -1.24714   -1.24714
      -2.3   -1.44711   -1.44711   -1.44711
     -2.25   -1.74281   -1.74281   -1.74281
      -2.2   -2.20498   -2.20498   -2.20498
     -2.15   -2.99962   -2.99962   -2.99962
      -2.1    -4.6261    -4.6261    -4.6261
     -2.05   -9.58377   -9.58377   -9.58377
     -1.95    10.5102    10.5102    10.5102
      -1.9    5.56345    5.56345    5.56345
     -1.85    3.95566    3.95566    3.95566
      -1.8    3.18809    3.18809    3.18809
     -1.75    2.76237    2.76237    2.76237
      -1.7    2.51392    2.51392    2.51392
     -1.65    2.37403    2.37403    2.37403
      -1.6    2.31058    2.31058    2.31058
     -1.55    2.30866    2.30866    2.30866
      -1.5    2.36327    2.36327    2.36327
     -1.45    2.47682    2.47682    2.47682
      -1.4    2.65927    2.65927    2.65927
     -1.35    2.93078    2.93078    2.93078
      -1.3    3.32835    3.32835    3.32835
     -1.25    3.92133    3.92133    3.92133
      -1.2    4.85096    4.85096    4.85096
     -1.15    6.44918    6.44918    6.44918
      -1.1    9.71481    9.71481    9.71481
     -1.05    19.6467    19.6467    19.6467
     -0.95   -20.4948   -20.4948   -20.4948
      -0.9   -10.5706   -10.5706   -10.5706
     -0.85   -7.31797   -7.31797   -7.31797
      -0.8   -5.73855   -5.73855   -5.73855
     -0.75   -4.83415   -4.83415   -4.83415
      -0.7   -4.27367   -4.27367   -4.27367
     -0.65   -3.91715   -3.91715   -3.91715
      -0.6   -3.69693   -3.69693   -3.69693
     -0.55   -3.57843   -3.57843   -3.57843
      -0.5   -3.54491   -3.54491   -3.54491
     -0.45   -3.59139   -3.59139   -3.59139
      -0.4   -3.72298   -3.72298   -3.72298
     -0.35   -3.95656   -3.95656   -3.95656
      -0.3   -4.32685   -4.32685   -4.32685
     -0.25   -4.90167   -4.90167   -4.90167
      -0.2   -5.82115   -5.82115   -5.82115
     -0.15   -7.41656   -7.41656   -7.41656
      -0.1   -10.6863   -10.6863   -10.6863
     -0.05   -20.6291   -20.6291   -20.6291
      0.05    19.4701    19.4701    19.4701
       0.1    9.51351    9.51351    9.51351
      0.15    6.22027    6.22027    6.22027
       0.2    4.59084    4.59084    4.59084
      0.25    3.62561    3.62561    3.62561
       0.3    2.99157    2.99157    2.99157
      0.35    2.54615    2.54615    2.54615
       0.4    2.21816    2.21816    2.21816
      0.45    1.96814    1.96814    1.96814
       0.5    1.77245    1.77245    1.77245
      0.55    1.61612    1.61612    1.61612
       0.6    1.48919    1.48919    1.48919
      0.65     1.3848     1.3848     1.3848
       0.7    1.29806    1.29806    1.29806
      0.75    1.22542    1.22542    1.22542
       0.8    1.16423    1.16423    1.16423
      0.85    1.11248    1.11248    1.11248
       0.9    1.06863    1.06863    1.06863
      0.95    1.03145    1.03145    1.03145
         1          1          1          1
      1.05   0.973504   0.973504   0.973504
       1.1   0.951351   0.951351   0.951351
      1.15   0.933041   0.933041   0.933041
       1.2   0.918169   0.918169   0.918169
      1.25   0.906402   0.906402   0.906402
       1.3   0.897471   0.897471   0.897471
      1.35   0.891151   0.891151   0.891151
       1.4   0.887264   0.887264   0.887264
      1.45   0.885661   0.885661   0.885661
       1.5   0.886227   0.886227   0.886227
      1.55   0.888868   0.888868   0.888868
       1.6   0.893515   0.893515   0.893515
      1.65   0.900117   0.900117   0.900117
       1.7   0.908639   0.908639   0.908639
      1.75   0.919063   0.919063   0.919063
       1.8   0.931384   0.931384   0.931384
      1.85   0.945611   0.945611   0.945611
       1.9   0.961766   0.961766   0.961766
      1.95   0.979881   0.979881   0.979881
         2          1          1          1
      2.05    1.02218    1.02218    1.02218
       2.1    1.04649    1.04649    1.04649
      2.15      1.073      1.073      1.073
       2.2     1.1018     1.1018     1.1018
      2.25      1.133      1.133      1.133
       2.3    1.16671    1.16671    1.16671
      2.35    1.20305    1.20305    1.20305
       2.4    1.24217    1.24217    1.24217
      2.45    1.28421    1.28421    1.28421
       2.5    1.32934    1.32934    1.32934
      2.55    1.37775    1.37775    1.37775
       2.6    1.42962    1.42962    1.42962
      2.65    1.48519    1.48519    1.48519
       2.7    1.54469    1.54469    1.54469
      2.75    1.60836    1.60836    1.60836
       2.8    1.67649    1.67649    1.67649
      2.85    1.74938    1.74938    1.74938
       2.9    1.82736    1.82736    1.82736
      2.95    1.91077    1.91077    1.91077
         3          2          2          2
      3.05    2.09547    2.09547    2.09547
       3.1    2.19762    2.19762    2.19762
      3.15    2.30694    2.30694    2.30694
       3.2    2.42397    2.42397    2.42397
      3.25    2.54926    2.54926    2.54926
       3.3    2.68344    2.68344    2.68344
      3.35    2.82718    2.82718    2.82718
       3.4    2.98121    2.98121    2.98121
      3.45    3.14631    3.14631    3.14631
       3.5    3.32335    3.32335    3.32335
      3.55    3.51325    3.51325    3.51325
       3.6    3.71702    3.71702    3.71702
      3.65    3.93576    3.93576    3.93576
       3.7    4.17065    4.17065    4.17065
      3.75    4.42299    4.42299    4.42299
       3.8    4.69417    4.69417    4.69417
      3.85    4.98573    4.98573    4.98573
       3.9    5.29933    5.29933    5.29933
      3.95    5.63676    5.63676    5.63676
         4          6          6          6
