         0   0.981028          1  0.0141293         -0          0          0
     0.125   0.974629   0.992198  -0.116089  -0.124675   0.122398   0.124675
      0.25    0.95215   0.968912  -0.242854  -0.247404   0.242987   0.247404
     0.375   0.914135   0.930508  -0.364367  -0.366273   0.359788   0.366273
       0.5   0.861348   0.877583  -0.478912  -0.479426   0.470905   0.479426
     0.625   0.794764   0.810963  -0.584877  -0.585097    0.57455   0.585097
      0.75   0.715549   0.731689  -0.680779  -0.681639   0.669069   0.681639
     0.875   0.625044   0.640997  -0.765288  -0.767544   0.752966   0.767544
         1    0.52475   0.540302  -0.837242  -0.841471   0.824922   0.841471
     1.125   0.416298   0.431177  -0.895666  -0.902268   0.883814   0.902268
      1.25    0.30143   0.315322  -0.939786  -0.948985   0.928729   0.948985
     1.375   0.181971   0.194548  -0.969038  -0.980893    0.95898   0.980893
       1.5  0.0598045  0.0707372  -0.983077  -0.997495   0.974109   0.997495
     1.625 -0.0631589 -0.0541771  -0.981784  -0.998531   0.973898   0.998531
      1.75  -0.185007  -0.178246  -0.965263  -0.983986   0.958366   0.983986
     1.875  -0.303853  -0.299534  -0.933842  -0.954086   0.927771   0.954086
         2  -0.417869  -0.416147  -0.888068  -0.909297   0.882604   0.909297
     2.125  -0.525303  -0.526266  -0.828697   -0.85032   0.823579    0.85032
      2.25  -0.624516  -0.628174  -0.756683  -0.778073   0.751621   0.778073
     2.375  -0.713995  -0.720278  -0.673164  -0.693685   0.667855   0.693685
       2.5  -0.792382  -0.801144  -0.579448  -0.598472   0.573585   0.598472
     2.625  -0.858492  -0.869507  -0.476985   -0.49392   0.470272    0.49392
      2.75  -0.911329  -0.924302  -0.367357  -0.381661   0.359515   0.381661
     2.875  -0.950102  -0.964674  -0.252243  -0.263446   0.243026   0.263446
         3  -0.974235  -0.989992  -0.133405   -0.14112     0.1226    0.14112
     3.125  -0.983374  -0.999862 -0.0126525 -0.0165919 9.20968e-05  0.0165919
      3.25  -0.977395   -0.99413   0.108178   0.108195  -0.122613  -0.108195
     3.375  -0.956403  -0.972884   0.227253   0.231294  -0.243631  -0.231294
       3.5   -0.92073  -0.936457   0.342769   0.350783  -0.361102  -0.350783
     3.625  -0.870932  -0.885416   0.452976   0.464799  -0.473224  -0.464799
      3.75  -0.807777  -0.820559   0.556209   0.571561  -0.578278  -0.571561
     3.875  -0.732235  -0.742898   0.650907   0.669405  -0.674652  -0.669405
         4  -0.645465  -0.653644   0.735641   0.756802  -0.760869  -0.756802
     4.125  -0.548794   -0.55419   0.809129   0.832391  -0.835606  -0.832391
      4.25  -0.443698  -0.446087   0.870261   0.894989  -0.897716  -0.894989
     4.375  -0.331782  -0.331024   0.918112   0.943622  -0.946246  -0.943622
       4.5  -0.214754  -0.210796   0.951956    0.97753  -0.980449   -0.97753
     4.625 -0.0943987 -0.0872778   0.971279   0.996184  -0.999796  -0.996184
      4.75  0.0274479  0.0376022   0.975783   0.999293   -1.00399  -0.999293
     4.875   0.148926   0.161895   0.965392   0.986808  -0.992949  -0.986808
         5   0.268181   0.283662   0.940254   0.958924  -0.966847  -0.958924
     5.125    0.38339   0.401003   0.900739   0.916077  -0.926072  -0.916077
      5.25   0.492791   0.512085   0.847431   0.858934  -0.871242  -0.858934
     5.375   0.594706   0.615177   0.781122   0.788389  -0.803187  -0.788389
       5.5   0.687571    0.70867     0.7028    0.70554  -0.722942   -0.70554
     5.625   0.769954   0.791104   0.613633   0.611682  -0.631731  -0.611682
      5.75   0.840582   0.861192   0.514955   0.508279  -0.530944  -0.508279
     5.875   0.898358   0.917843   0.408242   0.396944  -0.422121  -0.396944
         6   0.942375    0.96017   0.295093   0.279415  -0.306928  -0.279415
     6.125   0.971934   0.987515   0.177207   0.157526   -0.18713  -0.157526
      6.25   0.986553   0.999449  0.0563557  0.0331792 -0.0645675 -0.0331792
     6.375   0.985975   0.995788 -0.0656401 -0.0916857  0.0588743  0.0916857
       6.5   0.970172   0.976588  -0.186939   -0.21512   0.181291    0.21512
     6.625   0.939345   0.942148  -0.305707  -0.335197   0.300791   0.335197
      6.75   0.893926   0.893006  -0.420141  -0.450044   0.415519   0.450044
     6.875   0.834564    0.82993  -0.528499  -0.557868   0.523691   0.557868
         7   0.762123   0.753902  -0.629124  -0.656987   0.623615   0.656987
     7.125   0.677669    0.66611   -0.72047  -0.745853   0.713721   0.745853
      7.25   0.582452   0.567924  -0.801123  -0.823081   0.792584   0.823081
     7.375   0.477887   0.460876  -0.869824  -0.887465   0.858944   0.887465
       7.5   0.365539   0.346635  -0.925485     -0.938   0.911731      0.938
     7.625   0.247097   0.226986  -0.967209  -0.973898   0.950075   0.973898
      7.75   0.124347   0.103794  -0.994299  -0.994599   0.973326   0.994599
     7.875 -0.00084799 -0.0210168   -1.00627  -0.999779    0.98106   0.999779
         8   -0.12658    -0.1455   -1.00287  -0.989358   0.973091   0.989358
     8.125  -0.250923  -0.267713   -0.98405  -0.963499   0.949473   0.963499
      8.25  -0.371958  -0.385748  -0.950001  -0.922604   0.910498   0.922604
     8.375  -0.487805  -0.497764  -0.901135  -0.867313     0.8567   0.867313
       8.5   -0.59665  -0.602012   -0.83808  -0.798487   0.788839   0.798487
     8.625  -0.696769  -0.696866  -0.761671  -0.717201   0.707901   0.717201
      8.75  -0.786554  -0.780846  -0.672944  -0.624724   0.615077   0.624724
     8.875  -0.864542  -0.852641  -0.573112  -0.522498   0.511754   0.522498
         9  -0.929427   -0.91113  -0.463557  -0.412118   0.399488   0.412118
     9.125  -0.980089  -0.955402  -0.345804  -0.295308    0.27999   0.295308
      9.25   -1.01561  -0.984765    -0.2215  -0.173889   0.155097   0.173889
     9.375   -1.03526  -0.998761 -0.0923911 -0.0497574  0.0267498  0.0497574
       9.5   -1.03858  -0.997172  0.0397006  0.0751511  -0.103037 -0.0751511
     9.625   -1.02529  -0.980022   0.172907   0.198887  -0.232203  -0.198887
      9.75  -0.995384   -0.94758    0.30534   0.319519  -0.358668  -0.319519
     9.875  -0.949068  -0.900351   0.435117   0.435165  -0.480365  -0.435165
        10  -0.886792  -0.839072    0.56039   0.544021  -0.595269  -0.544021
    10.125  -0.809233  -0.764699   0.679371   0.644387  -0.701426  -0.644387
     10.25  -0.717283  -0.678394    0.79036   0.734698  -0.796978  -0.734698
    10.375  -0.612042  -0.581502   0.891767   0.813545  -0.880192  -0.813545
      10.5  -0.494801  -0.475537   0.982137   0.879696  -0.949488  -0.879696
    10.625  -0.367022  -0.362151    1.06017    0.93212   -1.00345   -0.93212
     10.75   -0.23032  -0.243113    1.12474   0.969998   -1.04087  -0.969998
    10.875 -0.0864384  -0.120282     1.1749    0.99274   -1.06073   -0.99274
        11  0.0627752  0.0044257    1.20994    0.99999   -1.06226   -0.99999
