  0.00000000   1.00000000
  0.11111111   0.99383351
  0.22222222   0.97541009
  0.33333333   0.94495695
  0.44444444   0.90284967
  0.55555556   0.84960756
  0.66666667   0.78588726
  0.77777778   0.71247462
  0.88888889   0.63027505
  1.00000000   0.54030231
  1.11111111   0.44366602
  1.22222222   0.34155801
  1.33333333   0.23523757
  1.44444444   0.12601595
  1.55555556   0.01524018
  1.66666667  -0.09572355
  1.77777778  -0.20550672
  1.88888889  -0.31275538
  2.00000000  -0.41614684
  2.11111111  -0.51440596
  2.22222222  -0.60632092
  2.33333333  -0.69075814
  2.44444444  -0.76667625
  2.55555556  -0.83313895
  2.66666667  -0.88932657
  2.77777778  -0.93454613
  2.88888889  -0.96823996
  3.00000000  -0.98999250
  3.11111111  -0.99953547
  3.22222222  -0.99675120
  3.33333333  -0.98167400
  3.44444444  -0.95448984
  3.55555556  -0.91553398
  3.66666667  -0.86528684
  3.77777778  -0.80436814
  3.88888889  -0.73352918
  4.00000000  -0.65364362
  4.11111111  -0.56569668
  4.22222222  -0.47077302
  4.33333333  -0.37004332
  4.44444444  -0.26474988
  4.55555556  -0.15619128
  4.66666667  -0.04570638
  4.77777778   0.06534221
  4.88888889   0.17558494
  5.00000000   0.28366219
  5.11111111   0.38824103
  5.22222222   0.48803170
  5.33333333   0.58180349
  5.44444444   0.66839990
  5.55555556   0.74675295
  5.66666667   0.81589631
  5.77777778   0.87497724
  5.88888889   0.92326708
  6.00000000   0.96017029
  6.11111111   0.98523173
  6.22222222   0.99814233
  6.33333333   0.99874285
  6.44444444   0.98702590
  6.55555556   0.96313597
  6.66666667   0.92736770
  6.77777778   0.88016223
  6.88888889   0.82210172
  7.00000000   0.75390225
  7.11111111   0.67640492
  7.22222222   0.59056550
  7.33333333   0.49744264
  7.44444444   0.39818483
  7.55555556   0.29401622
  7.66666667   0.18622150
  7.77777778   0.07613012
  7.88888889  -0.03490017
  8.00000000  -0.14550003
  8.11111111  -0.25430545
  8.22222222  -0.35997453
  8.33333333  -0.46120404
  8.44444444  -0.55674553
  8.55555556  -0.64542069
  8.66666667  -0.72613589
  8.77777778  -0.79789566
  8.88888889  -0.85981500
  9.00000000  -0.91113026
  9.11111111  -0.95120857
  9.22222222  -0.97955563
  9.33333333  -0.99582185
  9.44444444  -0.99980662
  9.55555556  -0.99146079
  9.66666667  -0.97088729
  9.77777778  -0.93833986
  9.88888889  -0.89421989
 10.00000000  -0.83907153
 10.11111111  -0.77357491
 10.22222222  -0.69853781
 10.33333333  -0.61488565
 10.44444444  -0.52365011
 10.55555556  -0.42595641
 10.66666667  -0.32300940
 10.77777778  -0.21607871
 10.88888889  -0.10648314
 11.00000000   0.00442570
