0	0	1	0
0.021545	0.021545	0.99977	0.021543
0.04309	0.04308	0.99907	0.043076
0.064634	0.064594	0.99791	0.064589
0.086179	0.086079	0.99629	0.086073
0.10772	0.10752	0.9942	0.10752
0.12927	0.12892	0.99166	0.12891
0.15081	0.15025	0.98865	0.15024
0.17236	0.17152	0.98518	0.17151
0.1939	0.19271	0.98126	0.19269
0.21545	0.2138	0.97688	0.21379
0.23699	0.2348	0.97204	0.23478
0.25854	0.25569	0.96676	0.25567
0.28008	0.27646	0.96103	0.27643
0.30163	0.2971	0.95485	0.29707
0.32317	0.3176	0.94823	0.31758
0.34472	0.33796	0.94116	0.33793
0.36626	0.35815	0.93366	0.35813
0.38781	0.37819	0.92573	0.37816
0.40935	0.39804	0.91737	0.39801
0.4309	0.41772	0.90858	0.41769
0.45244	0.43719	0.89937	0.43716
0.47399	0.45647	0.88974	0.45644
0.49553	0.47553	0.8797	0.4755
0.51708	0.49437	0.86925	0.49434
0.53862	0.51299	0.8584	0.51295
0.56016	0.53136	0.84715	0.53133
0.58171	0.54949	0.8355	0.54945
0.60325	0.56736	0.82347	0.56733
0.6248	0.58497	0.81105	0.58493
0.64634	0.60231	0.79826	0.60227
0.66789	0.61937	0.7851	0.61933
0.68943	0.63614	0.77157	0.6361
0.71098	0.65262	0.75769	0.65258
0.73252	0.66879	0.74345	0.66875
0.75407	0.68465	0.72887	0.68461
0.77561	0.7002	0.71395	0.70015
0.79716	0.71542	0.6987	0.71537
0.8187	0.7303	0.68312	0.73026
0.84025	0.74485	0.66723	0.74481
0.86179	0.75905	0.65103	0.75901
0.88334	0.7729	0.63452	0.77286
0.90488	0.7864	0.61772	0.78635
0.92643	0.79952	0.60064	0.79948
0.94797	0.81228	0.58327	0.81223
0.96952	0.82466	0.56564	0.82461
0.99106	0.83665	0.54774	0.83661
1.0126	0.84826	0.52959	0.84821
1.0342	0.85947	0.51119	0.85943
1.0557	0.87028	0.49255	0.87024
1.0772	0.88069	0.47369	0.88065
1.0988	0.8907	0.4546	0.89066
1.1203	0.90028	0.43531	0.90024
1.1419	0.90945	0.41581	0.90941
1.1634	0.9182	0.39612	0.91816
1.185	0.92652	0.37625	0.92649
1.2065	0.93441	0.3562	0.93438
1.2281	0.94187	0.33598	0.94184
1.2496	0.94889	0.31561	0.94886
1.2711	0.95547	0.2951	0.95544
1.2927	0.96161	0.27444	0.96158
1.3142	0.96729	0.25366	0.96727
1.3358	0.97254	0.23276	0.97251
1.3573	0.97732	0.21175	0.9773
1.3789	0.98166	0.19065	0.98164
1.4004	0.98554	0.16946	0.98552
1.422	0.98896	0.14818	0.98894
1.4435	0.99192	0.12684	0.99191
1.465	0.99443	0.10544	0.99441
1.4866	0.99647	0.083992	0.99646
1.5081	0.99805	0.062504	0.99804
1.5297	0.99916	0.040986	0.99915
1.5512	0.99981	0.01945	0.99981
1.5728	1	-0.0020951	1
1.5943	0.99972	-0.023639	0.99972
1.6159	0.99898	-0.045173	0.99898
1.6374	0.99778	-0.066685	0.99778
1.6589	0.99611	-0.088166	0.99612
1.6805	0.99398	-0.10961	0.99399
1.702	0.99138	-0.131	0.9914
1.7236	0.98833	-0.15233	0.98835
1.7451	0.98482	-0.17358	0.98484
1.7667	0.98085	-0.19476	0.98088
1.7882	0.97643	-0.21585	0.97646
1.8098	0.97155	-0.23683	0.97158
1.8313	0.96622	-0.25771	0.96626
1.8529	0.96045	-0.27847	0.96049
1.8744	0.95423	-0.2991	0.95427
1.8959	0.94756	-0.31959	0.9476
1.9175	0.94045	-0.33993	0.9405
1.939	0.93291	-0.36011	0.93296
1.9606	0.92494	-0.38013	0.92499
1.9821	0.91653	-0.39997	0.91659
2.0037	0.9077	-0.41962	0.90777
2.0252	0.89845	-0.43908	0.89852
2.0468	0.88878	-0.45833	0.88885
2.0683	0.8787	-0.47737	0.87878
2.0898	0.86821	-0.4962	0.86829
2.1114	0.85732	-0.51479	0.8574
2.1329	0.84603	-0.53314	0.84612
2.1545	0.83435	-0.55124	0.83444
2.176	0.82228	-0.56909	0.82237
2.1976	0.80983	-0.58667	0.80992
2.2191	0.797	-0.60398	0.7971
2.2407	0.7838	-0.62102	0.78391
2.2622	0.77024	-0.63776	0.77035
2.2837	0.75632	-0.6542	0.75643
2.3053	0.74205	-0.67035	0.74217
2.3268	0.72744	-0.68618	0.72756
2.3484	0.71248	-0.70169	0.71261
2.3699	0.6972	-0.71688	0.69733
2.3915	0.68159	-0.73173	0.68173
2.413	0.66567	-0.74625	0.66581
2.4346	0.64944	-0.76042	0.64958
2.4561	0.6329	-0.77423	0.63305
2.4777	0.61608	-0.78769	0.61623
2.4992	0.59896	-0.80078	0.59912
2.5207	0.58157	-0.8135	0.58173
2.5423	0.56391	-0.82584	0.56407
2.5638	0.54599	-0.8378	0.54615
2.5854	0.52781	-0.84937	0.52798
2.6069	0.50939	-0.86054	0.50956
2.6285	0.49073	-0.87132	0.49091
2.65	0.47184	-0.88169	0.47202
2.6716	0.45274	-0.89165	0.45292
2.6931	0.43342	-0.90119	0.43361
2.7146	0.41391	-0.91032	0.4141
2.7362	0.3942	-0.91903	0.39439
2.7577	0.37431	-0.92731	0.3745
2.7793	0.35424	-0.93516	0.35444
2.8008	0.33401	-0.94257	0.33421
2.8224	0.31363	-0.94955	0.31383
2.8439	0.29309	-0.95609	0.2933
2.8655	0.27243	-0.96218	0.27264
2.887	0.25163	-0.96783	0.25185
2.9085	0.23072	-0.97302	0.23094
2.9301	0.20971	-0.97777	0.20993
2.9516	0.18859	-0.98206	0.18882
2.9732	0.16739	-0.98589	0.16762
2.9947	0.14611	-0.98927	0.14634
3.0163	0.12476	-0.99219	0.12499
3.0378	0.10336	-0.99465	0.10359
3.0594	0.081905	-0.99664	0.082141
3.0809	0.060413	-0.99818	0.060651
3.1024	0.038894	-0.99925	0.039134
3.124	0.017356	-0.99985	0.017598
3.1455	-0.0041893	-1	-0.0039459
3.1671	-0.025733	-0.99967	-0.025488
3.1886	-0.047265	-0.99889	-0.047018
3.2102	-0.068775	-0.99764	-0.068527
3.2317	-0.090252	-0.99592	-0.090003
3.2533	-0.11169	-0.99375	-0.11144
3.2748	-0.13307	-0.99111	-0.13282
3.2964	-0.15439	-0.98801	-0.15414
3.3179	-0.17565	-0.98446	-0.17539
3.3394	-0.19681	-0.98044	-0.19656
3.361	-0.21789	-0.97598	-0.21764
3.3825	-0.23887	-0.97106	-0.23861
3.4041	-0.25973	-0.96568	-0.25948
3.4256	-0.28048	-0.95986	-0.28022
3.4472	-0.30109	-0.9536	-0.30084
3.4687	-0.32157	-0.94689	-0.32131
3.4903	-0.3419	-0.93974	-0.34164
3.5118	-0.36206	-0.93216	-0.36181
3.5333	-0.38206	-0.92414	-0.38181
3.5549	-0.40188	-0.9157	-0.40163
3.5764	-0.42152	-0.90682	-0.42127
3.598	-0.44096	-0.89753	-0.44071
3.6195	-0.46019	-0.88782	-0.45994
3.6411	-0.47921	-0.8777	-0.47897
3.6626	-0.49801	-0.86717	-0.49777
3.6842	-0.51658	-0.85624	-0.51633
3.7057	-0.53491	-0.84492	-0.53466
3.7272	-0.55299	-0.83319	-0.55275
3.7488	-0.57081	-0.82109	-0.57057
3.7703	-0.58837	-0.8086	-0.58813
3.7919	-0.60565	-0.79574	-0.60542
3.8134	-0.62266	-0.7825	-0.62242
3.835	-0.63937	-0.76891	-0.63914
3.8565	-0.65579	-0.75495	-0.65556
3.8781	-0.6719	-0.74065	-0.67168
3.8996	-0.6877	-0.726	-0.68748
3.9212	-0.70318	-0.71101	-0.70296
3.9427	-0.71834	-0.6957	-0.71812
3.9642	-0.73316	-0.68006	-0.73295
3.9858	-0.74764	-0.66411	-0.74743
4.0073	-0.76178	-0.64785	-0.76157
4.0289	-0.77556	-0.63128	-0.77536
4.0504	-0.78898	-0.61443	-0.78878
4.072	-0.80203	-0.59729	-0.80184
4.0935	-0.81472	-0.57987	-0.81453
4.1151	-0.82702	-0.56218	-0.82684
4.1366	-0.83894	-0.54423	-0.83876
4.1581	-0.85047	-0.52603	-0.8503
4.1797	-0.86161	-0.50759	-0.86144
4.2012	-0.87234	-0.48891	-0.87218
4.2228	-0.88267	-0.47	-0.88252
4.2443	-0.89259	-0.45087	-0.89244
4.2659	-0.9021	-0.43154	-0.90195
4.2874	-0.91119	-0.412	-0.91105
4.309	-0.91985	-0.39227	-0.91972
4.3305	-0.92809	-0.37236	-0.92796
4.352	-0.9359	-0.35228	-0.93578
4.3736	-0.94327	-0.33204	-0.94315
4.3951	-0.95021	-0.31164	-0.9501
4.4167	-0.9567	-0.29109	-0.9566
4.4382	-0.96275	-0.27041	-0.96265
4.4598	-0.96835	-0.24961	-0.96826
4.4813	-0.97351	-0.22869	-0.97342
4.5029	-0.97821	-0.20766	-0.97813
4.5244	-0.98245	-0.18654	-0.98238
4.5459	-0.98624	-0.16533	-0.98618
4.5675	-0.98958	-0.14404	-0.98952
4.589	-0.99245	-0.12269	-0.9924
4.6106	-0.99486	-0.10128	-0.99482
4.6321	-0.99682	-0.079819	-0.99678
4.6537	-0.9983	-0.058324	-0.99828
4.6752	-0.99933	-0.036802	-0.99931
4.6968	-0.99989	-0.015264	-0.99988
4.7183	-0.99999	0.0062824	-0.99998
4.7399	-0.99962	0.027825	-0.99962
4.7614	-0.99879	0.049355	-0.9988
4.7829	-0.99749	0.070863	-0.99751
4.8045	-0.99573	0.092337	-0.99576
4.826	-0.99351	0.11377	-0.99355
4.8476	-0.99083	0.13515	-0.99088
4.8691	-0.98769	0.15646	-0.98774
4.8907	-0.98409	0.17771	-0.98415
4.9122	-0.98003	0.19887	-0.9801
4.9338	-0.97552	0.21994	-0.9756
4.9553	-0.97056	0.2409	-0.97064
4.9768	-0.96514	0.26176	-0.96524
4.9984	-0.95928	0.28249	-0.95938
5.0199	-0.95297	0.30309	-0.95308
5.0415	-0.94622	0.32355	-0.94634
5.063	-0.93903	0.34386	-0.93916
5.0846	-0.9314	0.36401	-0.93154
5.1061	-0.92334	0.384	-0.92349
5.1277	-0.91485	0.4038	-0.91501
5.1492	-0.90594	0.42342	-0.9061
5.1707	-0.89661	0.44284	-0.89678
5.1923	-0.88686	0.46205	-0.88704
5.2138	-0.8767	0.48105	-0.87689
5.2354	-0.86613	0.49983	-0.86633
5.2569	-0.85516	0.51837	-0.85537
5.2785	-0.8438	0.53668	-0.84401
5.3	-0.83204	0.55473	-0.83226
5.3216	-0.81989	0.57253	-0.82012
5.3431	-0.80737	0.59006	-0.80761
5.3646	-0.79447	0.60732	-0.79471
5.3862	-0.7812	0.62429	-0.78145
5.4077	-0.76757	0.64098	-0.76783
5.4293	-0.75358	0.65737	-0.75385
5.4508	-0.73924	0.67345	-0.73952
5.4724	-0.72456	0.68922	-0.72485
5.4939	-0.70954	0.70467	-0.70984
5.5155	-0.6942	0.7198	-0.6945
5.537	-0.67853	0.73458	-0.67884
5.5586	-0.66254	0.74903	-0.66286
5.5801	-0.64625	0.76313	-0.64658
5.6016	-0.62966	0.77688	-0.62999
5.6232	-0.61278	0.79026	-0.61312
5.6447	-0.59561	0.80328	-0.59596
5.6663	-0.57816	0.81593	-0.57852
5.6878	-0.56046	0.82819	-0.56082
5.7093	-0.54253	0.84005	-0.54289
5.7308	-0.52436	0.8515	-0.52474
5.7522	-0.50599	0.86255	-0.50637
5.7736	-0.48741	0.87318	-0.48779
5.795	-0.46863	0.8834	-0.46902
5.8163	-0.44967	0.8932	-0.45007
5.8376	-0.43054	0.90258	-0.43094
5.8589	-0.41124	0.91153	-0.41165
5.8801	-0.3918	0.92006	-0.39222
5.9013	-0.37222	0.92815	-0.37264
5.9225	-0.35251	0.93582	-0.35293
5.9436	-0.33268	0.94305	-0.33311
5.9646	-0.31275	0.94984	-0.31319
5.9856	-0.29273	0.9562	-0.29317
6.0066	-0.27264	0.96212	-0.27308
6.0275	-0.25248	0.96761	-0.25292
6.0483	-0.23226	0.97266	-0.23272
6.0691	-0.21202	0.97727	-0.21247
6.0898	-0.19175	0.98145	-0.1922
6.1104	-0.17147	0.9852	-0.17193
6.132	-0.15018	0.98867	-0.15065
6.1534	-0.12899	0.99165	-0.12946
6.1746	-0.10793	0.99417	-0.1084
6.1956	-0.087044	0.99621	-0.08752
6.2163	-0.066389	0.9978	-0.066866
6.2376	-0.045093	0.99899	-0.045573
6.2592	-0.02348	0.99973	-0.023963
6.28	-0.0027403	1	-0.0032244
